Time, ss_1, ss_2, ss_3, ss_4, ss_5, ss_6, ss_7, ss_8, ss_9, ss_10, ss_11, ss_12, ss_13, Average
0, 1.000000e+08, 1.000000e+08, 1.000000e+08, 1.000000e+08, 1.000000e+08, 1.000000e+08, 1.000000e+08, 1.000000e+08, 1.000000e+08, 1.000000e+08, 1.000000e+08, 1.000000e+08, 1.000000e+08
0.0001, 1.000000e+08, 1.000000e+08, 1.000000e+08, 1.000000e+08, 1.000000e+08, 1.000000e+08, 1.000000e+08, 1.000000e+08, 1.000000e+08, 1.000000e+08, 1.000000e+08, 1.000000e+08, 1.000000e+08
0.0002, 1.000000e+08, 1.000000e+08, 1.000000e+08, 1.000000e+08, 1.000000e+08, 1.000000e+08, 1.000000e+08, 1.000000e+08, 1.000000e+08, 1.000000e+08, 1.000000e+08, 1.000000e+08, 1.000000e+08
0.0003, 1.000000e+08, 1.000000e+08, 1.000000e+08, 1.000000e+08, 1.000000e+08, 1.000000e+08, 1.000000e+08, 1.000000e+08, 1.000000e+08, 1.000000e+08, 1.000000e+08, 1.000000e+08, 1.000000e+08
0.0004, 1.000000e+08, 1.000000e+08, 1.000000e+08, 1.000000e+08, 1.000000e+08, 1.000000e+08, 1.000000e+08, 1.000000e+08, 1.000000e+08, 1.000000e+08, 1.000000e+08, 1.000000e+08, 1.000000e+08
0.0005, 1.000000e+08, 1.000000e+08, 1.000000e+08, 1.000000e+08, 1.000000e+08, 1.000000e+08, 1.000000e+08, 1.000000e+08, 1.000000e+08, 1.000000e+08, 1.000000e+08, 1.000000e+08, 1.000000e+08
0.0006, 1.000000e+08, 1.000000e+08, 1.000000e+08, 1.000000e+08, 1.000000e+08, 1.000000e+08, 1.000000e+08, 1.000000e+08, 1.000000e+08, 1.000000e+08, 1.000000e+08, 1.000000e+08, 1.000000e+08
0.0007, 1.000001e+08, 1.000001e+08, 1.000000e+08, 1.000000e+08, 1.000000e+08, 1.000000e+08, 1.000000e+08, 1.000000e+08, 1.000000e+08, 1.000000e+08, 1.000000e+08, 1.000000e+08, 1.000000e+08
0.0008, 1.000003e+08, 1.000003e+08, 1.000002e+08, 1.000002e+08, 1.000002e+08, 1.000002e+08, 1.000002e+08, 1.000002e+08, 1.000002e+08, 1.000002e+08, 1.000002e+08, 1.000002e+08, 1.000002e+08
0.0009, 1.000011e+08, 1.000010e+08, 1.000007e+08, 1.000007e+08, 1.000008e+08, 1.000007e+08, 1.000007e+08, 1.000008e+08, 1.000007e+08, 1.000007e+08, 1.000008e+08, 1.000008e+08, 1.000008e+08
0.001, 1.000035e+08, 1.000033e+08, 1.000024e+08, 1.000023e+08, 1.000024e+08, 1.000023e+08, 1.000024e+08, 1.000025e+08, 1.000021e+08, 1.000023e+08, 1.000025e+08, 1.000024e+08, 1.000025e+08
0.0011, 1.000096e+08, 1.000091e+08, 1.000066e+08, 1.000065e+08, 1.000067e+08, 1.000064e+08, 1.000066e+08, 1.000070e+08, 1.000060e+08, 1.000064e+08, 1.000070e+08, 1.000068e+08, 1.000071e+08
0.0012, 1.000235e+08, 1.000224e+08, 1.000163e+08, 1.000160e+08, 1.000166e+08, 1.000158e+08, 1.000163e+08, 1.000172e+08, 1.000147e+08, 1.000158e+08, 1.000174e+08, 1.000167e+08, 1.000174e+08
0.0013, 1.000502e+08, 1.000483e+08, 1.000356e+08, 1.000350e+08, 1.000361e+08, 1.000346e+08, 1.000354e+08, 1.000374e+08, 1.000319e+08, 1.000344e+08, 1.000380e+08, 1.000366e+08, 1.000378e+08
0.0014, 1.000945e+08, 1.000921e+08, 1.000688e+08, 1.000678e+08, 1.000694e+08, 1.000667e+08, 1.000680e+08, 1.000721e+08, 1.000613e+08, 1.000664e+08, 1.000738e+08, 1.000708e+08, 1.000726e+08
0.0015, 1.001582e+08, 1.001565e+08, 1.001188e+08, 1.001176e+08, 1.001190e+08, 1.001150e+08, 1.001166e+08, 1.001241e+08, 1.001051e+08, 1.001143e+08, 1.001280e+08, 1.001224e+08, 1.001246e+08
0.0016, 1.002401e+08, 1.002408e+08, 1.001855e+08, 1.001845e+08, 1.001845e+08, 1.001796e+08, 1.001811e+08, 1.001930e+08, 1.001633e+08, 1.001781e+08, 1.002007e+08, 1.001916e+08, 1.001936e+08
0.0017, 1.003367e+08, 1.003420e+08, 1.002669e+08, 1.002663e+08, 1.002634e+08, 1.002583e+08, 1.002591e+08, 1.002764e+08, 1.002337e+08, 1.002554e+08, 1.002891e+08, 1.002758e+08, 1.002769e+08
0.0018, 1.004440e+08, 1.004557e+08, 1.003594e+08, 1.003594e+08, 1.003523e+08, 1.003478e+08, 1.003472e+08, 1.003706e+08, 1.003133e+08, 1.003429e+08, 1.003892e+08, 1.003715e+08, 1.003711e+08
0.0019, 1.005586e+08, 1.005782e+08, 1.004599e+08, 1.004606e+08, 1.004480e+08, 1.004450e+08, 1.004424e+08, 1.004722e+08, 1.003992e+08, 1.004374e+08, 1.004972e+08, 1.004750e+08, 1.004728e+08
0.002, 1.006780e+08, 1.007067e+08, 1.005658e+08, 1.005671e+08, 1.005483e+08, 1.005473e+08, 1.005424e+08, 1.005788e+08, 1.004896e+08, 1.005367e+08, 1.006102e+08, 1.005837e+08, 1.005796e+08
0.0021, 1.008007e+08, 1.008394e+08, 1.006756e+08, 1.006772e+08, 1.006516e+08, 1.006533e+08, 1.006458e+08, 1.006888e+08, 1.005829e+08, 1.006391e+08, 1.007265e+08, 1.006958e+08, 1.006897e+08
0.0022, 1.009257e+08, 1.009750e+08, 1.007881e+08, 1.007899e+08, 1.007571e+08, 1.007617e+08, 1.007515e+08, 1.008011e+08, 1.006783e+08, 1.007438e+08, 1.008448e+08, 1.008101e+08, 1.008023e+08
0.0023, 1.010524e+08, 1.011128e+08, 1.009026e+08, 1.009044e+08, 1.008642e+08, 1.008721e+08, 1.008589e+08, 1.009152e+08, 1.007753e+08, 1.008503e+08, 1.009646e+08, 1.009261e+08, 1.009166e+08
0.0024, 1.011805e+08, 1.012523e+08, 1.010186e+08, 1.010203e+08, 1.009724e+08, 1.009838e+08, 1.009678e+08, 1.010307e+08, 1.008736e+08, 1.009581e+08, 1.010855e+08, 1.010434e+08, 1.010322e+08
0.0025, 1.013096e+08, 1.013931e+08, 1.011359e+08, 1.011374e+08, 1.010816e+08, 1.010966e+08, 1.010778e+08, 1.011473e+08, 1.009730e+08, 1.010670e+08, 1.012071e+08, 1.011616e+08, 1.011490e+08
0.0026, 1.014397e+08, 1.015350e+08, 1.012542e+08, 1.012554e+08, 1.011916e+08, 1.012105e+08, 1.011889e+08, 1.012648e+08, 1.010732e+08, 1.011769e+08, 1.013293e+08, 1.012807e+08, 1.012667e+08
0.0027, 1.015705e+08, 1.016778e+08, 1.013733e+08, 1.013742e+08, 1.013023e+08, 1.013251e+08, 1.013008e+08, 1.013832e+08, 1.011742e+08, 1.012876e+08, 1.014521e+08, 1.014005e+08, 1.013851e+08
0.0028, 1.017021e+08, 1.018213e+08, 1.014931e+08, 1.014937e+08, 1.014136e+08, 1.014404e+08, 1.014134e+08, 1.015023e+08, 1.012759e+08, 1.013991e+08, 1.015753e+08, 1.015209e+08, 1.015043e+08
0.0029, 1.018341e+08, 1.019654e+08, 1.016135e+08, 1.016138e+08, 1.015255e+08, 1.015563e+08, 1.015267e+08, 1.016220e+08, 1.013781e+08, 1.015112e+08, 1.016988e+08, 1.016419e+08, 1.016240e+08
0.003, 1.019667e+08, 1.021100e+08, 1.017344e+08, 1.017345e+08, 1.016378e+08, 1.016728e+08, 1.016406e+08, 1.017422e+08, 1.014810e+08, 1.016240e+08, 1.018226e+08, 1.017634e+08, 1.017442e+08
0.0031, 1.020997e+08, 1.022551e+08, 1.018557e+08, 1.018556e+08, 1.017506e+08, 1.017897e+08, 1.017551e+08, 1.018629e+08, 1.015843e+08, 1.017373e+08, 1.019467e+08, 1.018854e+08, 1.018648e+08
0.0032, 1.022330e+08, 1.024005e+08, 1.019775e+08, 1.019771e+08, 1.018637e+08, 1.019071e+08, 1.018700e+08, 1.019840e+08, 1.016880e+08, 1.018510e+08, 1.020711e+08, 1.020077e+08, 1.019859e+08
0.0033, 1.023666e+08, 1.025463e+08, 1.020995e+08, 1.020990e+08, 1.019772e+08, 1.020248e+08, 1.019854e+08, 1.021054e+08, 1.017922e+08, 1.019652e+08, 1.021956e+08, 1.021305e+08, 1.021073e+08
0.0034, 1.025005e+08, 1.026923e+08, 1.022218e+08, 1.022213e+08, 1.020910e+08, 1.021429e+08, 1.021011e+08, 1.022272e+08, 1.018967e+08, 1.020798e+08, 1.023203e+08, 1.022535e+08, 1.022290e+08
0.0035, 1.026345e+08, 1.028384e+08, 1.023444e+08, 1.023439e+08, 1.022051e+08, 1.022613e+08, 1.022173e+08, 1.023492e+08, 1.020015e+08, 1.021947e+08, 1.024451e+08, 1.023769e+08, 1.023510e+08
0.0036, 1.027688e+08, 1.029848e+08, 1.024671e+08, 1.024667e+08, 1.023195e+08, 1.023800e+08, 1.023337e+08, 1.024715e+08, 1.021065e+08, 1.023099e+08, 1.025701e+08, 1.025006e+08, 1.024733e+08
0.0037, 1.029031e+08, 1.031313e+08, 1.025900e+08, 1.025899e+08, 1.024341e+08, 1.024989e+08, 1.024504e+08, 1.025939e+08, 1.022119e+08, 1.024253e+08, 1.026952e+08, 1.026246e+08, 1.025957e+08
0.0038, 1.030376e+08, 1.032779e+08, 1.027131e+08, 1.027132e+08, 1.025490e+08, 1.026181e+08, 1.025674e+08, 1.027165e+08, 1.023175e+08, 1.025411e+08, 1.028203e+08, 1.027487e+08, 1.027184e+08
0.0039, 1.031722e+08, 1.034245e+08, 1.028363e+08, 1.028368e+08, 1.026640e+08, 1.027374e+08, 1.026847e+08, 1.028393e+08, 1.024232e+08, 1.026570e+08, 1.029455e+08, 1.028731e+08, 1.028412e+08
0.004, 1.033069e+08, 1.035713e+08, 1.029596e+08, 1.029606e+08, 1.027793e+08, 1.028570e+08, 1.028021e+08, 1.029622e+08, 1.025292e+08, 1.027731e+08, 1.030708e+08, 1.029977e+08, 1.029641e+08
0.0041, 1.034416e+08, 1.037180e+08, 1.030830e+08, 1.030846e+08, 1.028947e+08, 1.029767e+08, 1.029198e+08, 1.030852e+08, 1.026353e+08, 1.028894e+08, 1.031962e+08, 1.031224e+08, 1.030872e+08
0.0042, 1.035764e+08, 1.038648e+08, 1.032065e+08, 1.032088e+08, 1.030103e+08, 1.030966e+08, 1.030376e+08, 1.032083e+08, 1.027416e+08, 1.030059e+08, 1.033215e+08, 1.032473e+08, 1.032105e+08
0.0043, 1.037112e+08, 1.040116e+08, 1.033301e+08, 1.033331e+08, 1.031260e+08, 1.032166e+08, 1.031556e+08, 1.033314e+08, 1.028480e+08, 1.031225e+08, 1.034469e+08, 1.033724e+08, 1.033338e+08
0.0044, 1.038460e+08, 1.041585e+08, 1.034536e+08, 1.034576e+08, 1.032419e+08, 1.033367e+08, 1.032738e+08, 1.034547e+08, 1.029546e+08, 1.032392e+08, 1.035724e+08, 1.034976e+08, 1.034572e+08
0.0045, 1.039808e+08, 1.043053e+08, 1.035773e+08, 1.035822e+08, 1.033580e+08, 1.034569e+08, 1.033921e+08, 1.035779e+08, 1.030613e+08, 1.033560e+08, 1.036978e+08, 1.036229e+08, 1.035807e+08
0.0046, 1.041156e+08, 1.044521e+08, 1.037009e+08, 1.037069e+08, 1.034741e+08, 1.035773e+08, 1.035106e+08, 1.037012e+08, 1.031680e+08, 1.034729e+08, 1.038233e+08, 1.037483e+08, 1.037043e+08
0.0047, 1.042504e+08, 1.045988e+08, 1.038246e+08, 1.038318e+08, 1.035904e+08, 1.036977e+08, 1.036292e+08, 1.038246e+08, 1.032749e+08, 1.035899e+08, 1.039488e+08, 1.038738e+08, 1.038279e+08
0.0048, 1.043852e+08, 1.047456e+08, 1.039483e+08, 1.039568e+08, 1.037068e+08, 1.038183e+08, 1.037478e+08, 1.039479e+08, 1.033818e+08, 1.037069e+08, 1.040742e+08, 1.039993e+08, 1.039516e+08
0.0049, 1.045199e+08, 1.048923e+08, 1.040720e+08, 1.040818e+08, 1.038233e+08, 1.039389e+08, 1.038666e+08, 1.040713e+08, 1.034888e+08, 1.038241e+08, 1.041997e+08, 1.041250e+08, 1.040753e+08
0.005, 1.046547e+08, 1.050389e+08, 1.041957e+08, 1.042070e+08, 1.039399e+08, 1.040596e+08, 1.039855e+08, 1.041946e+08, 1.035959e+08, 1.039413e+08, 1.043251e+08, 1.042507e+08, 1.041991e+08
0.0051, 1.047894e+08, 1.051855e+08, 1.043195e+08, 1.043323e+08, 1.040566e+08, 1.041803e+08, 1.041045e+08, 1.043180e+08, 1.037030e+08, 1.040585e+08, 1.044506e+08, 1.043765e+08, 1.043229e+08
0.0052, 1.049240e+08, 1.053321e+08, 1.044431e+08, 1.044576e+08, 1.041733e+08, 1.043011e+08, 1.042235e+08, 1.044413e+08, 1.038102e+08, 1.041758e+08, 1.045760e+08, 1.045023e+08, 1.044467e+08
0.0053, 1.050587e+08, 1.054786e+08, 1.045668e+08, 1.045830e+08, 1.042902e+08, 1.044219e+08, 1.043427e+08, 1.045647e+08, 1.039175e+08, 1.042931e+08, 1.047014e+08, 1.046282e+08, 1.045706e+08
0.0054, 1.051932e+08, 1.056250e+08, 1.046905e+08, 1.047085e+08, 1.044071e+08, 1.045428e+08, 1.044619e+08, 1.046880e+08, 1.040247e+08, 1.044105e+08, 1.048268e+08, 1.047541e+08, 1.046944e+08
0.0055, 1.053278e+08, 1.057713e+08, 1.048142e+08, 1.048340e+08, 1.045242e+08, 1.046637e+08, 1.045811e+08, 1.048113e+08, 1.041321e+08, 1.045279e+08, 1.049521e+08, 1.048800e+08, 1.048183e+08
0.0056, 1.054622e+08, 1.059176e+08, 1.049378e+08, 1.049596e+08, 1.046412e+08, 1.047847e+08, 1.047004e+08, 1.049346e+08, 1.042394e+08, 1.046453e+08, 1.050775e+08, 1.050060e+08, 1.049422e+08
0.0057, 1.055966e+08, 1.060639e+08, 1.050614e+08, 1.050853e+08, 1.047584e+08, 1.049057e+08, 1.048198e+08, 1.050578e+08, 1.043468e+08, 1.047627e+08, 1.052027e+08, 1.051320e+08, 1.050661e+08
0.0058, 1.057310e+08, 1.062100e+08, 1.051849e+08, 1.052109e+08, 1.048756e+08, 1.050267e+08, 1.049392e+08, 1.051811e+08, 1.044542e+08, 1.048802e+08, 1.053280e+08, 1.052580e+08, 1.051900e+08
0.0059, 1.058653e+08, 1.063561e+08, 1.053085e+08, 1.053367e+08, 1.049928e+08, 1.051477e+08, 1.050586e+08, 1.053042e+08, 1.045616e+08, 1.049976e+08, 1.054532e+08, 1.053840e+08, 1.053139e+08
0.006, 1.059996e+08, 1.065021e+08, 1.054320e+08, 1.054625e+08, 1.051101e+08, 1.052688e+08, 1.051781e+08, 1.054274e+08, 1.046691e+08, 1.051151e+08, 1.055784e+08, 1.055100e+08, 1.054378e+08
0.0061, 1.061337e+08, 1.066481e+08, 1.055555e+08, 1.055883e+08, 1.052275e+08, 1.053898e+08, 1.052976e+08, 1.055505e+08, 1.047765e+08, 1.052326e+08, 1.057036e+08, 1.056360e+08, 1.055616e+08
0.0062, 1.062679e+08, 1.067939e+08, 1.056789e+08, 1.057141e+08, 1.053449e+08, 1.055109e+08, 1.054172e+08, 1.056735e+08, 1.048840e+08, 1.053501e+08, 1.058287e+08, 1.057620e+08, 1.056855e+08
0.0063, 1.064019e+08, 1.069397e+08, 1.058023e+08, 1.058400e+08, 1.054623e+08, 1.056320e+08, 1.055367e+08, 1.057966e+08, 1.049915e+08, 1.054675e+08, 1.059538e+08, 1.058880e+08, 1.058094e+08
0.0064, 1.065359e+08, 1.070854e+08, 1.059256e+08, 1.059658e+08, 1.055798e+08, 1.057531e+08, 1.056563e+08, 1.059195e+08, 1.050990e+08, 1.055850e+08, 1.060788e+08, 1.060140e+08, 1.059332e+08
0.0065, 1.066698e+08, 1.072310e+08, 1.060489e+08, 1.060917e+08, 1.056973e+08, 1.058741e+08, 1.057760e+08, 1.060425e+08, 1.052065e+08, 1.057025e+08, 1.062038e+08, 1.061400e+08, 1.060570e+08
0.0066, 1.068037e+08, 1.073765e+08, 1.061722e+08, 1.062177e+08, 1.058149e+08, 1.059952e+08, 1.058956e+08, 1.061653e+08, 1.053140e+08, 1.058199e+08, 1.063287e+08, 1.062660e+08, 1.061808e+08
0.0067, 1.069374e+08, 1.075219e+08, 1.062954e+08, 1.063436e+08, 1.059325e+08, 1.061163e+08, 1.060152e+08, 1.062881e+08, 1.054215e+08, 1.059374e+08, 1.064536e+08, 1.063920e+08, 1.063046e+08
0.0068, 1.070712e+08, 1.076673e+08, 1.064186e+08, 1.064695e+08, 1.060501e+08, 1.062374e+08, 1.061349e+08, 1.064109e+08, 1.055290e+08, 1.060548e+08, 1.065784e+08, 1.065179e+08, 1.064283e+08
0.0069, 1.072048e+08, 1.078125e+08, 1.065417e+08, 1.065955e+08, 1.061677e+08, 1.063584e+08, 1.062545e+08, 1.065336e+08, 1.056364e+08, 1.061722e+08, 1.067032e+08, 1.066438e+08, 1.065520e+08
0.007, 1.073383e+08, 1.079577e+08, 1.066648e+08, 1.067214e+08, 1.062853e+08, 1.064795e+08, 1.063742e+08, 1.066563e+08, 1.057439e+08, 1.062896e+08, 1.068280e+08, 1.067697e+08, 1.066757e+08
0.0071, 1.074718e+08, 1.081028e+08, 1.067878e+08, 1.068474e+08, 1.064030e+08, 1.066005e+08, 1.064939e+08, 1.067789e+08, 1.058514e+08, 1.064070e+08, 1.069526e+08, 1.068956e+08, 1.067994e+08
0.0072, 1.076052e+08, 1.082478e+08, 1.069108e+08, 1.069733e+08, 1.065207e+08, 1.067216e+08, 1.066135e+08, 1.069014e+08, 1.059589e+08, 1.065244e+08, 1.070773e+08, 1.070214e+08, 1.069230e+08
0.0073, 1.077386e+08, 1.083927e+08, 1.070337e+08, 1.070993e+08, 1.066384e+08, 1.068426e+08, 1.067332e+08, 1.070239e+08, 1.060663e+08, 1.066417e+08, 1.072018e+08, 1.071472e+08, 1.070466e+08
0.0074, 1.078718e+08, 1.085375e+08, 1.071566e+08, 1.072252e+08, 1.067561e+08, 1.069635e+08, 1.068529e+08, 1.071463e+08, 1.061738e+08, 1.067590e+08, 1.073264e+08, 1.072730e+08, 1.071702e+08
0.0075, 1.080050e+08, 1.086822e+08, 1.072794e+08, 1.073511e+08, 1.068738e+08, 1.070845e+08, 1.069725e+08, 1.072687e+08, 1.062812e+08, 1.068763e+08, 1.074508e+08, 1.073987e+08, 1.072937e+08
0.0076, 1.081381e+08, 1.088269e+08, 1.074022e+08, 1.074770e+08, 1.069916e+08, 1.072054e+08, 1.070921e+08, 1.073910e+08, 1.063886e+08, 1.069936e+08, 1.075752e+08, 1.075244e+08, 1.074172e+08
0.0077, 1.082711e+08, 1.089714e+08, 1.075249e+08, 1.076030e+08, 1.071093e+08, 1.073264e+08, 1.072118e+08, 1.075132e+08, 1.064960e+08, 1.071109e+08, 1.076996e+08, 1.076501e+08, 1.075406e+08
0.0078, 1.084040e+08, 1.091158e+08, 1.076475e+08, 1.077288e+08, 1.072271e+08, 1.074473e+08, 1.073314e+08, 1.076354e+08, 1.066034e+08, 1.072281e+08, 1.078239e+08, 1.077757e+08, 1.076640e+08
0.0079, 1.085369e+08, 1.092602e+08, 1.077701e+08, 1.078547e+08, 1.073448e+08, 1.075681e+08, 1.074510e+08, 1.077575e+08, 1.067108e+08, 1.073453e+08, 1.079481e+08, 1.079013e+08, 1.077874e+08
0.008, 1.086697e+08, 1.094044e+08, 1.078927e+08, 1.079806e+08, 1.074626e+08, 1.076890e+08, 1.075706e+08, 1.078795e+08, 1.068181e+08, 1.074624e+08, 1.080723e+08, 1.080268e+08, 1.079107e+08
0.0081, 1.088024e+08, 1.095486e+08, 1.080152e+08, 1.081064e+08, 1.075803e+08, 1.078098e+08, 1.076901e+08, 1.080015e+08, 1.069254e+08, 1.075796e+08, 1.081964e+08, 1.081523e+08, 1.080340e+08
0.0082, 1.089350e+08, 1.096926e+08, 1.081376e+08, 1.082322e+08, 1.076981e+08, 1.079305e+08, 1.078097e+08, 1.081234e+08, 1.070327e+08, 1.076967e+08, 1.083204e+08, 1.082778e+08, 1.081572e+08
0.0083, 1.090675e+08, 1.098366e+08, 1.082600e+08, 1.083580e+08, 1.078158e+08, 1.080513e+08, 1.079292e+08, 1.082453e+08, 1.071400e+08, 1.078137e+08, 1.084444e+08, 1.084032e+08, 1.082804e+08
0.0084, 1.092000e+08, 1.099805e+08, 1.083823e+08, 1.084837e+08, 1.079336e+08, 1.081720e+08, 1.080487e+08, 1.083670e+08, 1.072473e+08, 1.079308e+08, 1.085684e+08, 1.085285e+08, 1.084036e+08
0.0085, 1.093323e+08, 1.101242e+08, 1.085046e+08, 1.086095e+08, 1.080513e+08, 1.082927e+08, 1.081682e+08, 1.084888e+08, 1.073545e+08, 1.080478e+08, 1.086922e+08, 1.086539e+08, 1.085267e+08
0.0086, 1.094646e+08, 1.102679e+08, 1.086268e+08, 1.087352e+08, 1.081690e+08, 1.084133e+08, 1.082877e+08, 1.086104e+08, 1.074617e+08, 1.081647e+08, 1.088160e+08, 1.087791e+08, 1.086497e+08
0.0087, 1.095968e+08, 1.104115e+08, 1.087489e+08, 1.088608e+08, 1.082868e+08, 1.085339e+08, 1.084071e+08, 1.087320e+08, 1.075689e+08, 1.082816e+08, 1.089397e+08, 1.089043e+08, 1.087727e+08
0.0088, 1.097289e+08, 1.105550e+08, 1.088710e+08, 1.089865e+08, 1.084045e+08, 1.086545e+08, 1.085265e+08, 1.088535e+08, 1.076760e+08, 1.083985e+08, 1.090634e+08, 1.090295e+08, 1.088956e+08
0.0089, 1.098609e+08, 1.106983e+08, 1.089930e+08, 1.091121e+08, 1.085222e+08, 1.087750e+08, 1.086459e+08, 1.089749e+08, 1.077832e+08, 1.085154e+08, 1.091870e+08, 1.091546e+08, 1.090185e+08
0.009, 1.099929e+08, 1.108416e+08, 1.091150e+08, 1.092377e+08, 1.086399e+08, 1.088955e+08, 1.087652e+08, 1.090963e+08, 1.078903e+08, 1.086322e+08, 1.093106e+08, 1.092796e+08, 1.091414e+08
0.0091, 1.101247e+08, 1.109848e+08, 1.092369e+08, 1.093632e+08, 1.087576e+08, 1.090159e+08, 1.088845e+08, 1.092176e+08, 1.079973e+08, 1.087490e+08, 1.094340e+08, 1.094046e+08, 1.092642e+08
0.0092, 1.102565e+08, 1.111279e+08, 1.093587e+08, 1.094887e+08, 1.088752e+08, 1.091364e+08, 1.090038e+08, 1.093388e+08, 1.081044e+08, 1.088657e+08, 1.095574e+08, 1.095296e+08, 1.093869e+08
0.0093, 1.103882e+08, 1.112708e+08, 1.094805e+08, 1.096142e+08, 1.089929e+08, 1.092567e+08, 1.091230e+08, 1.094599e+08, 1.082114e+08, 1.089824e+08, 1.096808e+08, 1.096544e+08, 1.095096e+08
0.0094, 1.105198e+08, 1.114137e+08, 1.096022e+08, 1.097396e+08, 1.091105e+08, 1.093770e+08, 1.092422e+08, 1.095810e+08, 1.083183e+08, 1.090991e+08, 1.098040e+08, 1.097793e+08, 1.096322e+08
0.0095, 1.106513e+08, 1.115565e+08, 1.097239e+08, 1.098650e+08, 1.092281e+08, 1.094973e+08, 1.093614e+08, 1.097020e+08, 1.084253e+08, 1.092157e+08, 1.099273e+08, 1.099040e+08, 1.097548e+08
0.0096, 1.107827e+08, 1.116992e+08, 1.098455e+08, 1.099903e+08, 1.093457e+08, 1.096175e+08, 1.094805e+08, 1.098230e+08, 1.085322e+08, 1.093323e+08, 1.100504e+08, 1.100287e+08, 1.098773e+08
0.0097, 1.109141e+08, 1.118418e+08, 1.099670e+08, 1.101156e+08, 1.094633e+08, 1.097377e+08, 1.095997e+08, 1.099438e+08, 1.086391e+08, 1.094488e+08, 1.101735e+08, 1.101534e+08, 1.099998e+08
0.0098, 1.110453e+08, 1.119843e+08, 1.100885e+08, 1.102409e+08, 1.095808e+08, 1.098579e+08, 1.097187e+08, 1.100646e+08, 1.087459e+08, 1.095653e+08, 1.102965e+08, 1.102780e+08, 1.101222e+08
0.0099, 1.111765e+08, 1.121266e+08, 1.102099e+08, 1.103661e+08, 1.096983e+08, 1.099780e+08, 1.098377e+08, 1.101854e+08, 1.088527e+08, 1.096817e+08, 1.104194e+08, 1.104025e+08, 1.102446e+08
0.01, 1.113075e+08, 1.122689e+08, 1.103313e+08, 1.104913e+08, 1.098158e+08, 1.100980e+08, 1.099567e+08, 1.103060e+08, 1.089595e+08, 1.097981e+08, 1.105423e+08, 1.105270e+08, 1.103669e+08
0.0101, 1.114385e+08, 1.124111e+08, 1.104526e+08, 1.106164e+08, 1.099333e+08, 1.102180e+08, 1.100757e+08, 1.104266e+08, 1.090662e+08, 1.099145e+08, 1.106651e+08, 1.106514e+08, 1.104891e+08
0.0102, 1.115694e+08, 1.125532e+08, 1.105738e+08, 1.107415e+08, 1.100508e+08, 1.103380e+08, 1.101946e+08, 1.105471e+08, 1.091729e+08, 1.100308e+08, 1.107878e+08, 1.107758e+08, 1.106113e+08
0.0103, 1.117002e+08, 1.126951e+08, 1.106949e+08, 1.108665e+08, 1.101682e+08, 1.104579e+08, 1.103134e+08, 1.106675e+08, 1.092796e+08, 1.101471e+08, 1.109104e+08, 1.109000e+08, 1.107334e+08
0.0104, 1.118310e+08, 1.128370e+08, 1.108160e+08, 1.109915e+08, 1.102856e+08, 1.105777e+08, 1.104323e+08, 1.107879e+08, 1.093862e+08, 1.102633e+08, 1.110330e+08, 1.110243e+08, 1.108555e+08
0.0105, 1.119616e+08, 1.129788e+08, 1.109371e+08, 1.111165e+08, 1.104030e+08, 1.106975e+08, 1.105510e+08, 1.109082e+08, 1.094928e+08, 1.103795e+08, 1.111555e+08, 1.111484e+08, 1.109775e+08
0.0106, 1.120921e+08, 1.131204e+08, 1.110580e+08, 1.112414e+08, 1.105204e+08, 1.108173e+08, 1.106698e+08, 1.110284e+08, 1.095993e+08, 1.104956e+08, 1.112780e+08, 1.112725e+08, 1.110994e+08
0.0107, 1.122226e+08, 1.132620e+08, 1.111789e+08, 1.113662e+08, 1.106377e+08, 1.109369e+08, 1.107884e+08, 1.111485e+08, 1.097059e+08, 1.106117e+08, 1.114004e+08, 1.113966e+08, 1.112213e+08
0.0108, 1.123530e+08, 1.134035e+08, 1.112998e+08, 1.114910e+08, 1.107550e+08, 1.110566e+08, 1.109071e+08, 1.112686e+08, 1.098123e+08, 1.107277e+08, 1.115227e+08, 1.115205e+08, 1.113431e+08
0.0109, 1.124832e+08, 1.135448e+08, 1.114206e+08, 1.116157e+08, 1.108722e+08, 1.111762e+08, 1.110257e+08, 1.113886e+08, 1.099188e+08, 1.108437e+08, 1.116449e+08, 1.116444e+08, 1.114649e+08
0.011, 1.126134e+08, 1.136861e+08, 1.115413e+08, 1.117404e+08, 1.109895e+08, 1.112957e+08, 1.111442e+08, 1.115085e+08, 1.100252e+08, 1.109596e+08, 1.117671e+08, 1.117683e+08, 1.115866e+08
0.0111, 1.127435e+08, 1.138272e+08, 1.116619e+08, 1.118650e+08, 1.111067e+08, 1.114152e+08, 1.112627e+08, 1.116284e+08, 1.101315e+08, 1.110755e+08, 1.118892e+08, 1.118920e+08, 1.117082e+08
0.0112, 1.128736e+08, 1.139683e+08, 1.117825e+08, 1.119896e+08, 1.112238e+08, 1.115346e+08, 1.113812e+08, 1.117481e+08, 1.102379e+08, 1.111914e+08, 1.120112e+08, 1.120157e+08, 1.118298e+08
0.0113, 1.130035e+08, 1.141092e+08, 1.119030e+08, 1.121141e+08, 1.113410e+08, 1.116540e+08, 1.114996e+08, 1.118678e+08, 1.103441e+08, 1.113071e+08, 1.121331e+08, 1.121394e+08, 1.119513e+08
0.0114, 1.131333e+08, 1.142501e+08, 1.120235e+08, 1.122386e+08, 1.114581e+08, 1.117734e+08, 1.116180e+08, 1.119874e+08, 1.104504e+08, 1.114229e+08, 1.122550e+08, 1.122629e+08, 1.120728e+08
0.0115, 1.132631e+08, 1.143908e+08, 1.121438e+08, 1.123630e+08, 1.115751e+08, 1.118926e+08, 1.117363e+08, 1.121070e+08, 1.105566e+08, 1.115386e+08, 1.123768e+08, 1.123865e+08, 1.121942e+08
0.0116, 1.133927e+08, 1.145314e+08, 1.122642e+08, 1.124874e+08, 1.116922e+08, 1.120118e+08, 1.118545e+08, 1.122265e+08, 1.106627e+08, 1.116542e+08, 1.124986e+08, 1.125099e+08, 1.123155e+08
0.0117, 1.135223e+08, 1.146719e+08, 1.123844e+08, 1.126117e+08, 1.118092e+08, 1.121310e+08, 1.119727e+08, 1.123459e+08, 1.107688e+08, 1.117698e+08, 1.126202e+08, 1.126333e+08, 1.124368e+08
0.0118, 1.136517e+08, 1.148124e+08, 1.125046e+08, 1.127360e+08, 1.119261e+08, 1.122501e+08, 1.120909e+08, 1.124652e+08, 1.108749e+08, 1.118853e+08, 1.127418e+08, 1.127566e+08, 1.125580e+08
0.0119, 1.137811e+08, 1.149527e+08, 1.126247e+08, 1.128601e+08, 1.120431e+08, 1.123692e+08, 1.122090e+08, 1.125844e+08, 1.109809e+08, 1.120008e+08, 1.128633e+08, 1.128798e+08, 1.126791e+08
0.012, 1.139104e+08, 1.150929e+08, 1.127448e+08, 1.129843e+08, 1.121600e+08, 1.124881e+08, 1.123271e+08, 1.127036e+08, 1.110869e+08, 1.121163e+08, 1.129848e+08, 1.130030e+08, 1.128002e+08
0.0121, 1.140396e+08, 1.152330e+08, 1.128648e+08, 1.131084e+08, 1.122768e+08, 1.126071e+08, 1.124451e+08, 1.128227e+08, 1.111929e+08, 1.122317e+08, 1.131062e+08, 1.131261e+08, 1.129212e+08
0.0122, 1.141687e+08, 1.153730e+08, 1.129847e+08, 1.132324e+08, 1.123936e+08, 1.127260e+08, 1.125630e+08, 1.129418e+08, 1.112988e+08, 1.123470e+08, 1.132275e+08, 1.132491e+08, 1.130421e+08
0.0123, 1.142978e+08, 1.155129e+08, 1.131045e+08, 1.133563e+08, 1.125104e+08, 1.128448e+08, 1.126809e+08, 1.130607e+08, 1.114046e+08, 1.124623e+08, 1.133487e+08, 1.133720e+08, 1.131630e+08
0.0124, 1.144267e+08, 1.156527e+08, 1.132243e+08, 1.134802e+08, 1.126271e+08, 1.129635e+08, 1.127988e+08, 1.131796e+08, 1.115105e+08, 1.125775e+08, 1.134698e+08, 1.134949e+08, 1.132838e+08
0.0125, 1.145556e+08, 1.157924e+08, 1.133441e+08, 1.136041e+08, 1.127438e+08, 1.130822e+08, 1.129166e+08, 1.132984e+08, 1.116162e+08, 1.126927e+08, 1.135909e+08, 1.136177e+08, 1.134046e+08
0.0126, 1.146843e+08, 1.159320e+08, 1.134637e+08, 1.137278e+08, 1.128605e+08, 1.132009e+08, 1.130343e+08, 1.134171e+08, 1.117219e+08, 1.128078e+08, 1.137119e+08, 1.137405e+08, 1.135252e+08
0.0127, 1.148130e+08, 1.160715e+08, 1.135833e+08, 1.138516e+08, 1.129771e+08, 1.133195e+08, 1.131520e+08, 1.135358e+08, 1.118276e+08, 1.129229e+08, 1.138329e+08, 1.138632e+08, 1.136459e+08
0.0128, 1.149415e+08, 1.162108e+08, 1.137028e+08, 1.139752e+08, 1.130937e+08, 1.134380e+08, 1.132697e+08, 1.136543e+08, 1.119333e+08, 1.130379e+08, 1.139537e+08, 1.139858e+08, 1.137664e+08
0.0129, 1.150700e+08, 1.163501e+08, 1.138223e+08, 1.140988e+08, 1.132102e+08, 1.135565e+08, 1.133872e+08, 1.137728e+08, 1.120389e+08, 1.131528e+08, 1.140745e+08, 1.141083e+08, 1.138869e+08
0.013, 1.151984e+08, 1.164893e+08, 1.139417e+08, 1.142223e+08, 1.133267e+08, 1.136749e+08, 1.135048e+08, 1.138913e+08, 1.121444e+08, 1.132678e+08, 1.141953e+08, 1.142308e+08, 1.140073e+08
0.0131, 1.153267e+08, 1.166283e+08, 1.140610e+08, 1.143458e+08, 1.134432e+08, 1.137932e+08, 1.136222e+08, 1.140096e+08, 1.122499e+08, 1.133826e+08, 1.143159e+08, 1.143532e+08, 1.141276e+08
0.0132, 1.154549e+08, 1.167673e+08, 1.141802e+08, 1.144692e+08, 1.135596e+08, 1.139115e+08, 1.137396e+08, 1.141279e+08, 1.123554e+08, 1.134974e+08, 1.144365e+08, 1.144755e+08, 1.142479e+08
0.0133, 1.155831e+08, 1.169061e+08, 1.142994e+08, 1.145926e+08, 1.136760e+08, 1.140297e+08, 1.138570e+08, 1.142461e+08, 1.124608e+08, 1.136122e+08, 1.145570e+08, 1.145977e+08, 1.143681e+08
0.0134, 1.157111e+08, 1.170449e+08, 1.144185e+08, 1.147158e+08, 1.137923e+08, 1.141479e+08, 1.139743e+08, 1.143642e+08, 1.125661e+08, 1.137269e+08, 1.146774e+08, 1.147199e+08, 1.144883e+08
0.0135, 1.158390e+08, 1.171835e+08, 1.145376e+08, 1.148391e+08, 1.139086e+08, 1.142660e+08, 1.140916e+08, 1.144823e+08, 1.126715e+08, 1.138415e+08, 1.147978e+08, 1.148420e+08, 1.146084e+08
0.0136, 1.159669e+08, 1.173220e+08, 1.146566e+08, 1.149622e+08, 1.140248e+08, 1.143840e+08, 1.142087e+08, 1.146003e+08, 1.127767e+08, 1.139561e+08, 1.149180e+08, 1.149641e+08, 1.147284e+08
0.0137, 1.160946e+08, 1.174604e+08, 1.147755e+08, 1.150853e+08, 1.141410e+08, 1.145020e+08, 1.143259e+08, 1.147182e+08, 1.128820e+08, 1.140706e+08, 1.150382e+08, 1.150860e+08, 1.148483e+08
0.0138, 1.162223e+08, 1.175988e+08, 1.148943e+08, 1.152083e+08, 1.142571e+08, 1.146199e+08, 1.144430e+08, 1.148360e+08, 1.129872e+08, 1.141851e+08, 1.151584e+08, 1.152079e+08, 1.149682e+08
0.0139, 1.163499e+08, 1.177370e+08, 1.150131e+08, 1.153313e+08, 1.143732e+08, 1.147378e+08, 1.145600e+08, 1.149538e+08, 1.130923e+08, 1.142995e+08, 1.152784e+08, 1.153297e+08, 1.150880e+08
0.014, 1.164774e+08, 1.178751e+08, 1.151318e+08, 1.154542e+08, 1.144893e+08, 1.148556e+08, 1.146769e+08, 1.150715e+08, 1.131974e+08, 1.144138e+08, 1.153984e+08, 1.154515e+08, 1.152077e+08
0.0141, 1.166048e+08, 1.180131e+08, 1.152505e+08, 1.155770e+08, 1.146053e+08, 1.149733e+08, 1.147938e+08, 1.151891e+08, 1.133024e+08, 1.145282e+08, 1.155183e+08, 1.155731e+08, 1.153274e+08
0.0142, 1.167321e+08, 1.181510e+08, 1.153690e+08, 1.156998e+08, 1.147213e+08, 1.150910e+08, 1.149107e+08, 1.153066e+08, 1.134074e+08, 1.146424e+08, 1.156382e+08, 1.156947e+08, 1.154470e+08
0.0143, 1.168593e+08, 1.182887e+08, 1.154875e+08, 1.158225e+08, 1.148372e+08, 1.152086e+08, 1.150275e+08, 1.154240e+08, 1.135123e+08, 1.147566e+08, 1.157579e+08, 1.158163e+08, 1.155665e+08
0.0144, 1.169864e+08, 1.184264e+08, 1.156060e+08, 1.159451e+08, 1.149530e+08, 1.153262e+08, 1.151442e+08, 1.155414e+08, 1.136172e+08, 1.148707e+08, 1.158776e+08, 1.159377e+08, 1.156860e+08
0.0145, 1.171135e+08, 1.185640e+08, 1.157243e+08, 1.160677e+08, 1.150689e+08, 1.154437e+08, 1.152609e+08, 1.156587e+08, 1.137221e+08, 1.149848e+08, 1.159972e+08, 1.160591e+08, 1.158054e+08
0.0146, 1.172404e+08, 1.187014e+08, 1.158426e+08, 1.161902e+08, 1.151846e+08, 1.155611e+08, 1.153775e+08, 1.157760e+08, 1.138269e+08, 1.150988e+08, 1.161168e+08, 1.161804e+08, 1.159247e+08
0.0147, 1.173673e+08, 1.188388e+08, 1.159608e+08, 1.163126e+08, 1.153004e+08, 1.156784e+08, 1.154940e+08, 1.158931e+08, 1.139316e+08, 1.152128e+08, 1.162362e+08, 1.163017e+08, 1.160440e+08
0.0148, 1.174940e+08, 1.189760e+08, 1.160790e+08, 1.164350e+08, 1.154160e+08, 1.157957e+08, 1.156105e+08, 1.160102e+08, 1.140364e+08, 1.153267e+08, 1.163556e+08, 1.164228e+08, 1.161632e+08
0.0149, 1.176207e+08, 1.191132e+08, 1.161971e+08, 1.165573e+08, 1.155317e+08, 1.159130e+08, 1.157269e+08, 1.161272e+08, 1.141410e+08, 1.154406e+08, 1.164750e+08, 1.165439e+08, 1.162823e+08
0.015, 1.177473e+08, 1.192502e+08, 1.163151e+08, 1.166795e+08, 1.156473e+08, 1.160301e+08, 1.158433e+08, 1.162441e+08, 1.142456e+08, 1.155544e+08, 1.165942e+08, 1.166649e+08, 1.164013e+08
0.0151, 1.178738e+08, 1.193872e+08, 1.164331e+08, 1.168017e+08, 1.157628e+08, 1.161473e+08, 1.159596e+08, 1.163610e+08, 1.143502e+08, 1.156681e+08, 1.167134e+08, 1.167859e+08, 1.165203e+08
0.0152, 1.180002e+08, 1.195240e+08, 1.165509e+08, 1.169238e+08, 1.158783e+08, 1.162643e+08, 1.160759e+08, 1.164778e+08, 1.144547e+08, 1.157818e+08, 1.168325e+08, 1.169067e+08, 1.166392e+08
0.0153, 1.181265e+08, 1.196607e+08, 1.166688e+08, 1.170458e+08, 1.159937e+08, 1.163813e+08, 1.161921e+08, 1.165945e+08, 1.145591e+08, 1.158954e+08, 1.169515e+08, 1.170275e+08, 1.167581e+08
0.0154, 1.182527e+08, 1.197973e+08, 1.167865e+08, 1.171677e+08, 1.161091e+08, 1.164982e+08, 1.163082e+08, 1.167111e+08, 1.146636e+08, 1.160090e+08, 1.170704e+08, 1.171482e+08, 1.168768e+08
0.0155, 1.183788e+08, 1.199338e+08, 1.169042e+08, 1.172896e+08, 1.162244e+08, 1.166150e+08, 1.164243e+08, 1.168277e+08, 1.147679e+08, 1.161225e+08, 1.171893e+08, 1.172689e+08, 1.169955e+08
0.0156, 1.185049e+08, 1.200702e+08, 1.170218e+08, 1.174114e+08, 1.163397e+08, 1.167318e+08, 1.165403e+08, 1.169441e+08, 1.148722e+08, 1.162359e+08, 1.173081e+08, 1.173894e+08, 1.171142e+08
0.0157, 1.186308e+08, 1.202065e+08, 1.171393e+08, 1.175332e+08, 1.164549e+08, 1.168485e+08, 1.166562e+08, 1.170606e+08, 1.149765e+08, 1.163493e+08, 1.174268e+08, 1.175099e+08, 1.172327e+08
0.0158, 1.187567e+08, 1.203427e+08, 1.172568e+08, 1.176549e+08, 1.165701e+08, 1.169652e+08, 1.167721e+08, 1.171769e+08, 1.150807e+08, 1.164626e+08, 1.175455e+08, 1.176304e+08, 1.173512e+08
0.0159, 1.188824e+08, 1.204787e+08, 1.173742e+08, 1.177765e+08, 1.166852e+08, 1.170818e+08, 1.168879e+08, 1.172931e+08, 1.151849e+08, 1.165759e+08, 1.176641e+08, 1.177507e+08, 1.174696e+08
0.016, 1.190081e+08, 1.206147e+08, 1.174915e+08, 1.178980e+08, 1.168003e+08, 1.171983e+08, 1.170037e+08, 1.174093e+08, 1.152890e+08, 1.166891e+08, 1.177826e+08, 1.178710e+08, 1.175880e+08
0.0161, 1.191337e+08, 1.207505e+08, 1.176087e+08, 1.180195e+08, 1.169153e+08, 1.173148e+08, 1.171194e+08, 1.175254e+08, 1.153931e+08, 1.168023e+08, 1.179010e+08, 1.179912e+08, 1.177062e+08
0.0162, 1.192592e+08, 1.208863e+08, 1.177259e+08, 1.181409e+08, 1.170303e+08, 1.174312e+08, 1.172350e+08, 1.176415e+08, 1.154971e+08, 1.169154e+08, 1.180194e+08, 1.181113e+08, 1.178244e+08
0.0163, 1.193846e+08, 1.210219e+08, 1.178430e+08, 1.182622e+08, 1.171452e+08, 1.175475e+08, 1.173506e+08, 1.177574e+08, 1.156010e+08, 1.170284e+08, 1.181376e+08, 1.182313e+08, 1.179426e+08
0.0164, 1.195099e+08, 1.211575e+08, 1.179601e+08, 1.183835e+08, 1.172601e+08, 1.176638e+08, 1.174661e+08, 1.178733e+08, 1.157049e+08, 1.171414e+08, 1.182558e+08, 1.183513e+08, 1.180606e+08
0.0165, 1.196351e+08, 1.212929e+08, 1.180771e+08, 1.185047e+08, 1.173749e+08, 1.177800e+08, 1.175815e+08, 1.179891e+08, 1.158088e+08, 1.172543e+08, 1.183740e+08, 1.184712e+08, 1.181786e+08
0.0166, 1.197602e+08, 1.214282e+08, 1.181940e+08, 1.186258e+08, 1.174897e+08, 1.178961e+08, 1.176969e+08, 1.181049e+08, 1.159126e+08, 1.173672e+08, 1.184920e+08, 1.185910e+08, 1.182965e+08
0.0167, 1.198853e+08, 1.215634e+08, 1.183108e+08, 1.187468e+08, 1.176044e+08, 1.180121e+08, 1.178123e+08, 1.182205e+08, 1.160164e+08, 1.174800e+08, 1.186100e+08, 1.187108e+08, 1.184144e+08
0.0168, 1.200102e+08, 1.216985e+08, 1.184276e+08, 1.188678e+08, 1.177190e+08, 1.181281e+08, 1.179275e+08, 1.183361e+08, 1.161201e+08, 1.175927e+08, 1.187279e+08, 1.188304e+08, 1.185322e+08
0.0169, 1.201351e+08, 1.218335e+08, 1.185442e+08, 1.189887e+08, 1.178336e+08, 1.182441e+08, 1.180427e+08, 1.184516e+08, 1.162238e+08, 1.177054e+08, 1.188457e+08, 1.189500e+08, 1.186499e+08
0.017, 1.202599e+08, 1.219684e+08, 1.186609e+08, 1.191095e+08, 1.179482e+08, 1.183599e+08, 1.181578e+08, 1.185670e+08, 1.163274e+08, 1.178180e+08, 1.189635e+08, 1.190696e+08, 1.187675e+08
0.0171, 1.203846e+08, 1.221032e+08, 1.187774e+08, 1.192303e+08, 1.180627e+08, 1.184757e+08, 1.182729e+08, 1.186824e+08, 1.164309e+08, 1.179306e+08, 1.190812e+08, 1.191890e+08, 1.188851e+08
0.0172, 1.205091e+08, 1.222379e+08, 1.188939e+08, 1.193510e+08, 1.181771e+08, 1.185915e+08, 1.183879e+08, 1.187977e+08, 1.165344e+08, 1.180431e+08, 1.191988e+08, 1.193084e+08, 1.190026e+08
0.0173, 1.206336e+08, 1.223725e+08, 1.190103e+08, 1.194716e+08, 1.182915e+08, 1.187071e+08, 1.185029e+08, 1.189129e+08, 1.166379e+08, 1.181555e+08, 1.193163e+08, 1.194277e+08, 1.191200e+08
0.0174, 1.207581e+08, 1.225069e+08, 1.191266e+08, 1.195921e+08, 1.184058e+08, 1.188228e+08, 1.186177e+08, 1.190280e+08, 1.167413e+08, 1.182679e+08, 1.194338e+08, 1.195469e+08, 1.192373e+08
0.0175, 1.208824e+08, 1.226413e+08, 1.192429e+08, 1.197126e+08, 1.185201e+08, 1.189383e+08, 1.187326e+08, 1.191431e+08, 1.168446e+08, 1.183802e+08, 1.195512e+08, 1.196660e+08, 1.193546e+08
0.0176, 1.210066e+08, 1.227755e+08, 1.193591e+08, 1.198330e+08, 1.186343e+08, 1.190538e+08, 1.188473e+08, 1.192581e+08, 1.169479e+08, 1.184925e+08, 1.196685e+08, 1.197851e+08, 1.194718e+08
0.0177, 1.211307e+08, 1.229097e+08, 1.194752e+08, 1.199533e+08, 1.187485e+08, 1.191692e+08, 1.189620e+08, 1.193730e+08, 1.170512e+08, 1.186047e+08, 1.197857e+08, 1.199041e+08, 1.195889e+08
0.0178, 1.212548e+08, 1.230437e+08, 1.195913e+08, 1.200736e+08, 1.188626e+08, 1.192845e+08, 1.190766e+08, 1.194879e+08, 1.171544e+08, 1.187168e+08, 1.199029e+08, 1.200230e+08, 1.197060e+08
0.0179, 1.213787e+08, 1.231776e+08, 1.197073e+08, 1.201938e+08, 1.189767e+08, 1.193997e+08, 1.191912e+08, 1.196026e+08, 1.172575e+08, 1.188289e+08, 1.200200e+08, 1.201419e+08, 1.198230e+08
0.018, 1.215026e+08, 1.233114e+08, 1.198232e+08, 1.203139e+08, 1.190906e+08, 1.195149e+08, 1.193057e+08, 1.197173e+08, 1.173606e+08, 1.189410e+08, 1.201370e+08, 1.202606e+08, 1.199399e+08
0.0181, 1.216264e+08, 1.234452e+08, 1.199390e+08, 1.204339e+08, 1.192046e+08, 1.196301e+08, 1.194201e+08, 1.198319e+08, 1.174637e+08, 1.190529e+08, 1.202539e+08, 1.203793e+08, 1.200568e+08
0.0182, 1.217501e+08, 1.235788e+08, 1.200548e+08, 1.205539e+08, 1.193185e+08, 1.197451e+08, 1.195345e+08, 1.199465e+08, 1.175667e+08, 1.191648e+08, 1.203708e+08, 1.204979e+08, 1.201735e+08
0.0183, 1.218737e+08, 1.237123e+08, 1.201705e+08, 1.206738e+08, 1.194323e+08, 1.198601e+08, 1.196488e+08, 1.200609e+08, 1.176696e+08, 1.192767e+08, 1.204876e+08, 1.206165e+08, 1.202902e+08
0.0184, 1.219972e+08, 1.238456e+08, 1.202861e+08, 1.207936e+08, 1.195461e+08, 1.199751e+08, 1.197630e+08, 1.201753e+08, 1.177725e+08, 1.193884e+08, 1.206043e+08, 1.207349e+08, 1.204068e+08
0.0185, 1.221206e+08, 1.239789e+08, 1.204017e+08, 1.209133e+08, 1.196598e+08, 1.200899e+08, 1.198772e+08, 1.202897e+08, 1.178753e+08, 1.195002e+08, 1.207209e+08, 1.208533e+08, 1.205234e+08
0.0186, 1.222439e+08, 1.241121e+08, 1.205172e+08, 1.210330e+08, 1.197734e+08, 1.202047e+08, 1.199913e+08, 1.204039e+08, 1.179781e+08, 1.196118e+08, 1.208375e+08, 1.209716e+08, 1.206399e+08
0.0187, 1.223672e+08, 1.242452e+08, 1.206326e+08, 1.211526e+08, 1.198870e+08, 1.203194e+08, 1.201053e+08, 1.205181e+08, 1.180808e+08, 1.197234e+08, 1.209540e+08, 1.210899e+08, 1.207563e+08
0.0188, 1.224903e+08, 1.243781e+08, 1.207479e+08, 1.212721e+08, 1.200006e+08, 1.204341e+08, 1.202193e+08, 1.206322e+08, 1.181835e+08, 1.198349e+08, 1.210704e+08, 1.212080e+08, 1.208726e+08
0.0189, 1.226134e+08, 1.245110e+08, 1.208632e+08, 1.213915e+08, 1.201141e+08, 1.205487e+08, 1.203332e+08, 1.207462e+08, 1.182861e+08, 1.199464e+08, 1.211867e+08, 1.213261e+08, 1.209889e+08
0.019, 1.227363e+08, 1.246437e+08, 1.209784e+08, 1.215109e+08, 1.202275e+08, 1.206632e+08, 1.204470e+08, 1.208602e+08, 1.183887e+08, 1.200578e+08, 1.213030e+08, 1.214441e+08, 1.211051e+08
0.0191, 1.228592e+08, 1.247764e+08, 1.210935e+08, 1.216302e+08, 1.203409e+08, 1.207777e+08, 1.205608e+08, 1.209740e+08, 1.184912e+08, 1.201692e+08, 1.214192e+08, 1.215620e+08, 1.212212e+08
0.0192, 1.229820e+08, 1.249089e+08, 1.212086e+08, 1.217494e+08, 1.204542e+08, 1.208920e+08, 1.206745e+08, 1.210878e+08, 1.185937e+08, 1.202805e+08, 1.215353e+08, 1.216799e+08, 1.213372e+08
0.0193, 1.231047e+08, 1.250413e+08, 1.213236e+08, 1.218686e+08, 1.205674e+08, 1.210064e+08, 1.207882e+08, 1.212016e+08, 1.186961e+08, 1.203917e+08, 1.216513e+08, 1.217977e+08, 1.214532e+08
0.0194, 1.232273e+08, 1.251736e+08, 1.214385e+08, 1.219877e+08, 1.206806e+08, 1.211206e+08, 1.209018e+08, 1.213152e+08, 1.187985e+08, 1.205029e+08, 1.217673e+08, 1.219154e+08, 1.215691e+08
0.0195, 1.233498e+08, 1.253059e+08, 1.215533e+08, 1.221067e+08, 1.207938e+08, 1.212348e+08, 1.210153e+08, 1.214288e+08, 1.189008e+08, 1.206140e+08, 1.218832e+08, 1.220330e+08, 1.216849e+08
0.0196, 1.234723e+08, 1.254380e+08, 1.216681e+08, 1.222256e+08, 1.209068e+08, 1.213489e+08, 1.211287e+08, 1.215423e+08, 1.190030e+08, 1.207250e+08, 1.219990e+08, 1.221506e+08, 1.218007e+08
0.0197, 1.235946e+08, 1.255700e+08, 1.217828e+08, 1.223445e+08, 1.210199e+08, 1.214629e+08, 1.212421e+08, 1.216557e+08, 1.191052e+08, 1.208360e+08, 1.221147e+08, 1.222680e+08, 1.219164e+08
0.0198, 1.237168e+08, 1.257018e+08, 1.218974e+08, 1.224632e+08, 1.211328e+08, 1.215769e+08, 1.213554e+08, 1.217691e+08, 1.192074e+08, 1.209469e+08, 1.222304e+08, 1.223854e+08, 1.220320e+08
0.0199, 1.238390e+08, 1.258336e+08, 1.220120e+08, 1.225819e+08, 1.212457e+08, 1.216908e+08, 1.214687e+08, 1.218824e+08, 1.193095e+08, 1.210578e+08, 1.223460e+08, 1.225028e+08, 1.221475e+08
0.02, 1.239611e+08, 1.259653e+08, 1.221265e+08, 1.227006e+08, 1.213586e+08, 1.218046e+08, 1.215818e+08, 1.219956e+08, 1.194115e+08, 1.211686e+08, 1.224615e+08, 1.226200e+08, 1.222630e+08
0.0201, 1.240831e+08, 1.260969e+08, 1.222409e+08, 1.228191e+08, 1.214713e+08, 1.219184e+08, 1.216950e+08, 1.221087e+08, 1.195135e+08, 1.212793e+08, 1.225769e+08, 1.227372e+08, 1.223784e+08
0.0202, 1.242049e+08, 1.262283e+08, 1.223552e+08, 1.229376e+08, 1.215841e+08, 1.220321e+08, 1.218080e+08, 1.222218e+08, 1.196155e+08, 1.213900e+08, 1.226923e+08, 1.228543e+08, 1.224937e+08
0.0203, 1.243267e+08, 1.263597e+08, 1.224695e+08, 1.230560e+08, 1.216967e+08, 1.221457e+08, 1.219210e+08, 1.223348e+08, 1.197173e+08, 1.215006e+08, 1.228076e+08, 1.229713e+08, 1.226089e+08
0.0204, 1.244485e+08, 1.264909e+08, 1.225837e+08, 1.231743e+08, 1.218093e+08, 1.222593e+08, 1.220339e+08, 1.224477e+08, 1.198192e+08, 1.216112e+08, 1.229228e+08, 1.230882e+08, 1.227241e+08
0.0205, 1.245701e+08, 1.266221e+08, 1.226978e+08, 1.232926e+08, 1.219219e+08, 1.223728e+08, 1.221468e+08, 1.225605e+08, 1.199209e+08, 1.217216e+08, 1.230379e+08, 1.232051e+08, 1.228392e+08
0.0206, 1.246916e+08, 1.267531e+08, 1.228119e+08, 1.234108e+08, 1.220344e+08, 1.224862e+08, 1.222595e+08, 1.226733e+08, 1.200227e+08, 1.218321e+08, 1.231530e+08, 1.233219e+08, 1.229542e+08
0.0207, 1.248131e+08, 1.268840e+08, 1.229259e+08, 1.235289e+08, 1.221468e+08, 1.225996e+08, 1.223723e+08, 1.227860e+08, 1.201243e+08, 1.219424e+08, 1.232680e+08, 1.234386e+08, 1.230692e+08
0.0208, 1.249344e+08, 1.270149e+08, 1.230398e+08, 1.236469e+08, 1.222591e+08, 1.227128e+08, 1.224849e+08, 1.228986e+08, 1.202259e+08, 1.220527e+08, 1.233829e+08, 1.235552e+08, 1.231840e+08
0.0209, 1.250557e+08, 1.271456e+08, 1.231536e+08, 1.237649e+08, 1.223714e+08, 1.228261e+08, 1.225975e+08, 1.230112e+08, 1.203275e+08, 1.221630e+08, 1.234978e+08, 1.236718e+08, 1.232988e+08
0.021, 1.251769e+08, 1.272762e+08, 1.232674e+08, 1.238827e+08, 1.224837e+08, 1.229392e+08, 1.227100e+08, 1.231236e+08, 1.204290e+08, 1.222732e+08, 1.236125e+08, 1.237883e+08, 1.234136e+08
0.0211, 1.252979e+08, 1.274067e+08, 1.233811e+08, 1.240006e+08, 1.225959e+08, 1.230523e+08, 1.228225e+08, 1.232360e+08, 1.205305e+08, 1.223833e+08, 1.237272e+08, 1.239047e+08, 1.235282e+08
0.0212, 1.254189e+08, 1.275371e+08, 1.234947e+08, 1.241183e+08, 1.227080e+08, 1.231653e+08, 1.229348e+08, 1.233484e+08, 1.206319e+08, 1.224933e+08, 1.238418e+08, 1.240210e+08, 1.236428e+08
0.0213, 1.255399e+08, 1.276674e+08, 1.236083e+08, 1.242359e+08, 1.228201e+08, 1.232782e+08, 1.230471e+08, 1.234606e+08, 1.207332e+08, 1.226033e+08, 1.239564e+08, 1.241373e+08, 1.237573e+08
0.0214, 1.256607e+08, 1.277976e+08, 1.237217e+08, 1.243535e+08, 1.229320e+08, 1.233911e+08, 1.231594e+08, 1.235728e+08, 1.208345e+08, 1.227132e+08, 1.240708e+08, 1.242534e+08, 1.238717e+08
0.0215, 1.257814e+08, 1.279276e+08, 1.238351e+08, 1.244710e+08, 1.230440e+08, 1.235039e+08, 1.232716e+08, 1.236849e+08, 1.209357e+08, 1.228231e+08, 1.241852e+08, 1.243695e+08, 1.239861e+08
0.0216, 1.259020e+08, 1.280576e+08, 1.239485e+08, 1.245884e+08, 1.231559e+08, 1.236166e+08, 1.233837e+08, 1.237969e+08, 1.210369e+08, 1.229329e+08, 1.242996e+08, 1.244856e+08, 1.241004e+08
0.0217, 1.260226e+08, 1.281875e+08, 1.240617e+08, 1.247058e+08, 1.232677e+08, 1.237292e+08, 1.234957e+08, 1.239089e+08, 1.211380e+08, 1.230426e+08, 1.244138e+08, 1.246015e+08, 1.242146e+08
0.0218, 1.261431e+08, 1.283172e+08, 1.241749e+08, 1.248231e+08, 1.233794e+08, 1.238418e+08, 1.236077e+08, 1.240208e+08, 1.212391e+08, 1.231523e+08, 1.245280e+08, 1.247174e+08, 1.243287e+08
0.0219, 1.262634e+08, 1.284469e+08, 1.242880e+08, 1.249402e+08, 1.234911e+08, 1.239543e+08, 1.237196e+08, 1.241326e+08, 1.213401e+08, 1.232619e+08, 1.246421e+08, 1.248332e+08, 1.244428e+08
0.022, 1.263837e+08, 1.285764e+08, 1.244011e+08, 1.250574e+08, 1.236028e+08, 1.240668e+08, 1.238315e+08, 1.242443e+08, 1.214411e+08, 1.233715e+08, 1.247561e+08, 1.249489e+08, 1.245568e+08
0.0221, 1.265039e+08, 1.287059e+08, 1.245141e+08, 1.251744e+08, 1.237143e+08, 1.241792e+08, 1.239432e+08, 1.243560e+08, 1.215420e+08, 1.234810e+08, 1.248700e+08, 1.250645e+08, 1.246707e+08
0.0222, 1.266240e+08, 1.288352e+08, 1.246270e+08, 1.252914e+08, 1.238258e+08, 1.242915e+08, 1.240549e+08, 1.244676e+08, 1.216429e+08, 1.235904e+08, 1.249839e+08, 1.251801e+08, 1.247846e+08
0.0223, 1.267440e+08, 1.289644e+08, 1.247398e+08, 1.254083e+08, 1.239373e+08, 1.244037e+08, 1.241666e+08, 1.245791e+08, 1.217437e+08, 1.236998e+08, 1.250977e+08, 1.252956e+08, 1.248983e+08
0.0224, 1.268640e+08, 1.290935e+08, 1.248525e+08, 1.255251e+08, 1.240487e+08, 1.245159e+08, 1.242781e+08, 1.246905e+08, 1.218444e+08, 1.238091e+08, 1.252114e+08, 1.254110e+08, 1.250120e+08
0.0225, 1.269838e+08, 1.292225e+08, 1.249652e+08, 1.256418e+08, 1.241600e+08, 1.246280e+08, 1.243896e+08, 1.248019e+08, 1.219451e+08, 1.239183e+08, 1.253251e+08, 1.255263e+08, 1.251256e+08
0.0226, 1.271036e+08, 1.293515e+08, 1.250778e+08, 1.257585e+08, 1.242712e+08, 1.247400e+08, 1.245011e+08, 1.249132e+08, 1.220458e+08, 1.240275e+08, 1.254386e+08, 1.256416e+08, 1.252392e+08
0.0227, 1.272232e+08, 1.294803e+08, 1.251904e+08, 1.258751e+08, 1.243824e+08, 1.248520e+08, 1.246124e+08, 1.250244e+08, 1.221464e+08, 1.241366e+08, 1.255521e+08, 1.257568e+08, 1.253527e+08
0.0228, 1.273428e+08, 1.296090e+08, 1.253028e+08, 1.259916e+08, 1.244936e+08, 1.249638e+08, 1.247237e+08, 1.251356e+08, 1.222469e+08, 1.242456e+08, 1.256655e+08, 1.258719e+08, 1.254661e+08
0.0229, 1.274623e+08, 1.297375e+08, 1.254152e+08, 1.261080e+08, 1.246046e+08, 1.250757e+08, 1.248350e+08, 1.252467e+08, 1.223474e+08, 1.243546e+08, 1.257789e+08, 1.259869e+08, 1.255794e+08
0.023, 1.275817e+08, 1.298660e+08, 1.255275e+08, 1.262244e+08, 1.247156e+08, 1.251874e+08, 1.249461e+08, 1.253577e+08, 1.224478e+08, 1.244635e+08, 1.258922e+08, 1.261019e+08, 1.256927e+08
0.0231, 1.277010e+08, 1.299944e+08, 1.256398e+08, 1.263407e+08, 1.248266e+08, 1.252991e+08, 1.250572e+08, 1.254686e+08, 1.225481e+08, 1.245724e+08, 1.260054e+08, 1.262167e+08, 1.258058e+08
0.0232, 1.278202e+08, 1.301227e+08, 1.257520e+08, 1.264569e+08, 1.249375e+08, 1.254107e+08, 1.251682e+08, 1.255795e+08, 1.226485e+08, 1.246812e+08, 1.261185e+08, 1.263315e+08, 1.259189e+08
0.0233, 1.279394e+08, 1.302509e+08, 1.258641e+08, 1.265730e+08, 1.250483e+08, 1.255222e+08, 1.252792e+08, 1.256903e+08, 1.227487e+08, 1.247899e+08, 1.262315e+08, 1.264463e+08, 1.260320e+08
0.0234, 1.280584e+08, 1.303789e+08, 1.259761e+08, 1.266891e+08, 1.251591e+08, 1.256337e+08, 1.253901e+08, 1.258010e+08, 1.228489e+08, 1.248986e+08, 1.263445e+08, 1.265609e+08, 1.261449e+08
0.0235, 1.281774e+08, 1.305069e+08, 1.260881e+08, 1.268050e+08, 1.252697e+08, 1.257451e+08, 1.255009e+08, 1.259116e+08, 1.229491e+08, 1.250072e+08, 1.264574e+08, 1.266755e+08, 1.262578e+08
0.0236, 1.282962e+08, 1.306347e+08, 1.262000e+08, 1.269209e+08, 1.253804e+08, 1.258564e+08, 1.256117e+08, 1.260222e+08, 1.230492e+08, 1.251157e+08, 1.265702e+08, 1.267900e+08, 1.263706e+08
0.0237, 1.284150e+08, 1.307625e+08, 1.263118e+08, 1.270368e+08, 1.254909e+08, 1.259676e+08, 1.257223e+08, 1.261327e+08, 1.231492e+08, 1.252242e+08, 1.266830e+08, 1.269044e+08, 1.264834e+08
0.0238, 1.285337e+08, 1.308901e+08, 1.264235e+08, 1.271525e+08, 1.256014e+08, 1.260788e+08, 1.258330e+08, 1.262431e+08, 1.232492e+08, 1.253326e+08, 1.267956e+08, 1.270187e+08, 1.265960e+08
0.0239, 1.286523e+08, 1.310177e+08, 1.265352e+08, 1.272682e+08, 1.257119e+08, 1.261899e+08, 1.259435e+08, 1.263534e+08, 1.233491e+08, 1.254410e+08, 1.269082e+08, 1.271330e+08, 1.267086e+08
0.024, 1.287708e+08, 1.311451e+08, 1.266468e+08, 1.273838e+08, 1.258223e+08, 1.263010e+08, 1.260540e+08, 1.264637e+08, 1.234490e+08, 1.255493e+08, 1.270208e+08, 1.272472e+08, 1.268211e+08
0.0241, 1.288893e+08, 1.312724e+08, 1.267583e+08, 1.274993e+08, 1.259326e+08, 1.264119e+08, 1.261644e+08, 1.265739e+08, 1.235488e+08, 1.256575e+08, 1.271332e+08, 1.273613e+08, 1.269336e+08
0.0242, 1.290076e+08, 1.313996e+08, 1.268697e+08, 1.276147e+08, 1.260428e+08, 1.265228e+08, 1.262747e+08, 1.266840e+08, 1.236486e+08, 1.257656e+08, 1.272456e+08, 1.274754e+08, 1.270459e+08
0.0243, 1.291258e+08, 1.315267e+08, 1.269811e+08, 1.277301e+08, 1.261530e+08, 1.266336e+08, 1.263850e+08, 1.267941e+08, 1.237483e+08, 1.258737e+08, 1.273579e+08, 1.275893e+08, 1.271582e+08
0.0244, 1.292440e+08, 1.316538e+08, 1.270924e+08, 1.278454e+08, 1.262631e+08, 1.267444e+08, 1.264952e+08, 1.269041e+08, 1.238479e+08, 1.259818e+08, 1.274701e+08, 1.277032e+08, 1.272705e+08
0.0245, 1.293621e+08, 1.317807e+08, 1.272037e+08, 1.279606e+08, 1.263732e+08, 1.268551e+08, 1.266053e+08, 1.270140e+08, 1.239475e+08, 1.260897e+08, 1.275823e+08, 1.278170e+08, 1.273826e+08
0.0246, 1.294801e+08, 1.319075e+08, 1.273148e+08, 1.280757e+08, 1.264832e+08, 1.269657e+08, 1.267154e+08, 1.271238e+08, 1.240471e+08, 1.261977e+08, 1.276943e+08, 1.279307e+08, 1.274947e+08
0.0247, 1.295980e+08, 1.320342e+08, 1.274259e+08, 1.281908e+08, 1.265931e+08, 1.270762e+08, 1.268254e+08, 1.272336e+08, 1.241466e+08, 1.263055e+08, 1.278063e+08, 1.280444e+08, 1.276067e+08
0.0248, 1.297158e+08, 1.321608e+08, 1.275369e+08, 1.283058e+08, 1.267030e+08, 1.271867e+08, 1.269353e+08, 1.273433e+08, 1.242460e+08, 1.264133e+08, 1.279183e+08, 1.281580e+08, 1.277186e+08
0.0249, 1.298335e+08, 1.322872e+08, 1.276479e+08, 1.284207e+08, 1.268128e+08, 1.272971e+08, 1.270452e+08, 1.274529e+08, 1.243454e+08, 1.265210e+08, 1.280301e+08, 1.282715e+08, 1.278304e+08
0.025, 1.299512e+08, 1.324136e+08, 1.277587e+08, 1.285355e+08, 1.269225e+08, 1.274074e+08, 1.271550e+08, 1.275624e+08, 1.244447e+08, 1.266286e+08, 1.281419e+08, 1.283849e+08, 1.279422e+08
0.0251, 1.300687e+08, 1.325399e+08, 1.278695e+08, 1.286502e+08, 1.270322e+08, 1.275177e+08, 1.272647e+08, 1.276719e+08, 1.245440e+08, 1.267362e+08, 1.282536e+08, 1.284983e+08, 1.280539e+08
0.0252, 1.301862e+08, 1.326661e+08, 1.279803e+08, 1.287649e+08, 1.271418e+08, 1.276279e+08, 1.273744e+08, 1.277813e+08, 1.246432e+08, 1.268438e+08, 1.283652e+08, 1.286115e+08, 1.281655e+08
0.0253, 1.303035e+08, 1.327921e+08, 1.280909e+08, 1.288795e+08, 1.272513e+08, 1.277380e+08, 1.274839e+08, 1.278907e+08, 1.247423e+08, 1.269512e+08, 1.284768e+08, 1.287247e+08, 1.282771e+08
0.0254, 1.304208e+08, 1.329181e+08, 1.282015e+08, 1.289940e+08, 1.273608e+08, 1.278481e+08, 1.275935e+08, 1.279999e+08, 1.248414e+08, 1.270586e+08, 1.285883e+08, 1.288378e+08, 1.283886e+08
0.0255, 1.305380e+08, 1.330440e+08, 1.283120e+08, 1.291085e+08, 1.274702e+08, 1.279580e+08, 1.277029e+08, 1.281091e+08, 1.249405e+08, 1.271660e+08, 1.286997e+08, 1.289509e+08, 1.285000e+08
0.0256, 1.306551e+08, 1.331697e+08, 1.284224e+08, 1.292228e+08, 1.275796e+08, 1.280679e+08, 1.278123e+08, 1.282182e+08, 1.250395e+08, 1.272732e+08, 1.288110e+08, 1.290639e+08, 1.286113e+08
0.0257, 1.307722e+08, 1.332954e+08, 1.285328e+08, 1.293371e+08, 1.276889e+08, 1.281778e+08, 1.279216e+08, 1.283272e+08, 1.251384e+08, 1.273804e+08, 1.289223e+08, 1.291768e+08, 1.287226e+08
0.0258, 1.308891e+08, 1.334209e+08, 1.286431e+08, 1.294513e+08, 1.277981e+08, 1.282875e+08, 1.280308e+08, 1.284362e+08, 1.252373e+08, 1.274876e+08, 1.290334e+08, 1.292896e+08, 1.288337e+08
0.0259, 1.310060e+08, 1.335464e+08, 1.287533e+08, 1.295655e+08, 1.279073e+08, 1.283972e+08, 1.281400e+08, 1.285451e+08, 1.253361e+08, 1.275947e+08, 1.291445e+08, 1.294023e+08, 1.289449e+08
0.026, 1.311227e+08, 1.336717e+08, 1.288634e+08, 1.296795e+08, 1.280163e+08, 1.285068e+08, 1.282491e+08, 1.286539e+08, 1.254349e+08, 1.277017e+08, 1.292556e+08, 1.295150e+08, 1.290559e+08
0.0261, 1.312394e+08, 1.337969e+08, 1.289735e+08, 1.297935e+08, 1.281254e+08, 1.286164e+08, 1.283581e+08, 1.287627e+08, 1.255336e+08, 1.278086e+08, 1.293665e+08, 1.296276e+08, 1.291668e+08
0.0262, 1.313560e+08, 1.339221e+08, 1.290835e+08, 1.299074e+08, 1.282343e+08, 1.287259e+08, 1.284671e+08, 1.288713e+08, 1.256322e+08, 1.279155e+08, 1.294774e+08, 1.297401e+08, 1.292777e+08
0.0263, 1.314725e+08, 1.340471e+08, 1.291934e+08, 1.300212e+08, 1.283432e+08, 1.288353e+08, 1.285760e+08, 1.289799e+08, 1.257308e+08, 1.280223e+08, 1.295882e+08, 1.298525e+08, 1.293885e+08
0.0264, 1.315889e+08, 1.341720e+08, 1.293033e+08, 1.301350e+08, 1.284521e+08, 1.289446e+08, 1.286848e+08, 1.290885e+08, 1.258294e+08, 1.281291e+08, 1.296990e+08, 1.299649e+08, 1.294993e+08
0.0265, 1.317052e+08, 1.342968e+08, 1.294131e+08, 1.302486e+08, 1.285608e+08, 1.290539e+08, 1.287936e+08, 1.291969e+08, 1.259279e+08, 1.282358e+08, 1.298096e+08, 1.300772e+08, 1.296100e+08
0.0266, 1.318215e+08, 1.344216e+08, 1.295228e+08, 1.303622e+08, 1.286695e+08, 1.291631e+08, 1.289023e+08, 1.293053e+08, 1.260263e+08, 1.283424e+08, 1.299202e+08, 1.301894e+08, 1.297205e+08
0.0267, 1.319376e+08, 1.345462e+08, 1.296324e+08, 1.304757e+08, 1.287782e+08, 1.292722e+08, 1.290109e+08, 1.294136e+08, 1.261247e+08, 1.284490e+08, 1.300307e+08, 1.303015e+08, 1.298311e+08
0.0268, 1.320537e+08, 1.346707e+08, 1.297420e+08, 1.305892e+08, 1.288867e+08, 1.293812e+08, 1.291194e+08, 1.295219e+08, 1.262230e+08, 1.285555e+08, 1.301412e+08, 1.304135e+08, 1.299415e+08
0.0269, 1.321697e+08, 1.347951e+08, 1.298515e+08, 1.307026e+08, 1.289952e+08, 1.294902e+08, 1.292279e+08, 1.296301e+08, 1.263213e+08, 1.286619e+08, 1.302515e+08, 1.305255e+08, 1.300519e+08
0.027, 1.322856e+08, 1.349194e+08, 1.299609e+08, 1.308158e+08, 1.291037e+08, 1.295991e+08, 1.293363e+08, 1.297381e+08, 1.264195e+08, 1.287683e+08, 1.303618e+08, 1.306374e+08, 1.301622e+08
0.0271, 1.324014e+08, 1.350436e+08, 1.300702e+08, 1.309290e+08, 1.292120e+08, 1.297080e+08, 1.294447e+08, 1.298462e+08, 1.265177e+08, 1.288746e+08, 1.304720e+08, 1.307493e+08, 1.302724e+08
0.0272, 1.325171e+08, 1.351677e+08, 1.301795e+08, 1.310422e+08, 1.293204e+08, 1.298167e+08, 1.295529e+08, 1.299541e+08, 1.266158e+08, 1.289809e+08, 1.305822e+08, 1.308610e+08, 1.303825e+08
0.0273, 1.326327e+08, 1.352917e+08, 1.302887e+08, 1.311552e+08, 1.294286e+08, 1.299254e+08, 1.296611e+08, 1.300620e+08, 1.267138e+08, 1.290870e+08, 1.306922e+08, 1.309727e+08, 1.304926e+08
0.0274, 1.327483e+08, 1.354156e+08, 1.303978e+08, 1.312682e+08, 1.295368e+08, 1.300340e+08, 1.297693e+08, 1.301698e+08, 1.268118e+08, 1.291932e+08, 1.308022e+08, 1.310843e+08, 1.306026e+08
0.0275, 1.328637e+08, 1.355394e+08, 1.305069e+08, 1.313811e+08, 1.296449e+08, 1.301426e+08, 1.298773e+08, 1.302776e+08, 1.269097e+08, 1.292992e+08, 1.309121e+08, 1.311958e+08, 1.307125e+08
0.0276, 1.329791e+08, 1.356630e+08, 1.306159e+08, 1.314939e+08, 1.297529e+08, 1.302511e+08, 1.299853e+08, 1.303852e+08, 1.270076e+08, 1.294052e+08, 1.310220e+08, 1.313073e+08, 1.308224e+08
0.0277, 1.330944e+08, 1.357866e+08, 1.307248e+08, 1.316067e+08, 1.298609e+08, 1.303595e+08, 1.300932e+08, 1.304928e+08, 1.271054e+08, 1.295111e+08, 1.311318e+08, 1.314186e+08, 1.309322e+08
0.0278, 1.332096e+08, 1.359101e+08, 1.308336e+08, 1.317194e+08, 1.299688e+08, 1.304678e+08, 1.302011e+08, 1.306003e+08, 1.272032e+08, 1.296170e+08, 1.312415e+08, 1.315299e+08, 1.310419e+08
0.0279, 1.333247e+08, 1.360335e+08, 1.309424e+08, 1.318319e+08, 1.300767e+08, 1.305761e+08, 1.303089e+08, 1.307078e+08, 1.273009e+08, 1.297228e+08, 1.313511e+08, 1.316411e+08, 1.311515e+08
0.028, 1.334397e+08, 1.361567e+08, 1.310511e+08, 1.319445e+08, 1.301844e+08, 1.306843e+08, 1.304166e+08, 1.308152e+08, 1.273986e+08, 1.298285e+08, 1.314606e+08, 1.317523e+08, 1.312610e+08
0.0281, 1.335547e+08, 1.362799e+08, 1.311597e+08, 1.320569e+08, 1.302922e+08, 1.307924e+08, 1.305242e+08, 1.309225e+08, 1.274962e+08, 1.299342e+08, 1.315701e+08, 1.318634e+08, 1.313705e+08
0.0282, 1.336695e+08, 1.364030e+08, 1.312682e+08, 1.321693e+08, 1.303998e+08, 1.309004e+08, 1.306318e+08, 1.310297e+08, 1.275937e+08, 1.300398e+08, 1.316795e+08, 1.319744e+08, 1.314799e+08
0.0283, 1.337843e+08, 1.365260e+08, 1.313767e+08, 1.322816e+08, 1.305074e+08, 1.310084e+08, 1.307393e+08, 1.311369e+08, 1.276912e+08, 1.301453e+08, 1.317888e+08, 1.320853e+08, 1.315893e+08
0.0284, 1.338990e+08, 1.366488e+08, 1.314851e+08, 1.323938e+08, 1.306149e+08, 1.311163e+08, 1.308468e+08, 1.312439e+08, 1.277886e+08, 1.302508e+08, 1.318981e+08, 1.321961e+08, 1.316985e+08
0.0285, 1.340136e+08, 1.367716e+08, 1.315934e+08, 1.325059e+08, 1.307224e+08, 1.312242e+08, 1.309541e+08, 1.313510e+08, 1.278860e+08, 1.303562e+08, 1.320072e+08, 1.323069e+08, 1.318077e+08
0.0286, 1.341281e+08, 1.368942e+08, 1.317017e+08, 1.326179e+08, 1.308297e+08, 1.313319e+08, 1.310614e+08, 1.314579e+08, 1.279833e+08, 1.304616e+08, 1.321163e+08, 1.324176e+08, 1.319168e+08
0.0287, 1.342425e+08, 1.370168e+08, 1.318099e+08, 1.327299e+08, 1.309371e+08, 1.314396e+08, 1.311687e+08, 1.315648e+08, 1.280806e+08, 1.305669e+08, 1.322254e+08, 1.325282e+08, 1.320259e+08
0.0288, 1.343569e+08, 1.371392e+08, 1.319180e+08, 1.328418e+08, 1.310443e+08, 1.315472e+08, 1.312758e+08, 1.316716e+08, 1.281778e+08, 1.306721e+08, 1.323343e+08, 1.326387e+08, 1.321348e+08
0.0289, 1.344711e+08, 1.372616e+08, 1.320260e+08, 1.329536e+08, 1.311515e+08, 1.316548e+08, 1.313829e+08, 1.317783e+08, 1.282750e+08, 1.307773e+08, 1.324432e+08, 1.327492e+08, 1.322437e+08
0.029, 1.345853e+08, 1.373838e+08, 1.321340e+08, 1.330654e+08, 1.312586e+08, 1.317623e+08, 1.314900e+08, 1.318850e+08, 1.283721e+08, 1.308824e+08, 1.325520e+08, 1.328596e+08, 1.323525e+08
0.0291, 1.346994e+08, 1.375060e+08, 1.322419e+08, 1.331771e+08, 1.313657e+08, 1.318697e+08, 1.315969e+08, 1.319916e+08, 1.284691e+08, 1.309874e+08, 1.326607e+08, 1.329699e+08, 1.324613e+08
0.0292, 1.348134e+08, 1.376280e+08, 1.323497e+08, 1.332887e+08, 1.314727e+08, 1.319770e+08, 1.317038e+08, 1.320981e+08, 1.285661e+08, 1.310923e+08, 1.327694e+08, 1.330801e+08, 1.325699e+08
0.0293, 1.349273e+08, 1.377500e+08, 1.324574e+08, 1.334002e+08, 1.315796e+08, 1.320843e+08, 1.318106e+08, 1.322045e+08, 1.286630e+08, 1.311972e+08, 1.328780e+08, 1.331903e+08, 1.326785e+08
0.0294, 1.350411e+08, 1.378718e+08, 1.325651e+08, 1.335116e+08, 1.316864e+08, 1.321915e+08, 1.319173e+08, 1.323109e+08, 1.287599e+08, 1.313021e+08, 1.329865e+08, 1.333004e+08, 1.327871e+08
0.0295, 1.351548e+08, 1.379936e+08, 1.326727e+08, 1.336230e+08, 1.317932e+08, 1.322986e+08, 1.320240e+08, 1.324172e+08, 1.288567e+08, 1.314069e+08, 1.330949e+08, 1.334104e+08, 1.328955e+08
0.0296, 1.352685e+08, 1.381152e+08, 1.327803e+08, 1.337343e+08, 1.318999e+08, 1.324057e+08, 1.321306e+08, 1.325234e+08, 1.289535e+08, 1.315116e+08, 1.332033e+08, 1.335203e+08, 1.330039e+08
0.0297, 1.353820e+08, 1.382367e+08, 1.328877e+08, 1.338455e+08, 1.320066e+08, 1.325126e+08, 1.322372e+08, 1.326296e+08, 1.290502e+08, 1.316162e+08, 1.333116e+08, 1.336302e+08, 1.331122e+08
0.0298, 1.354955e+08, 1.383582e+08, 1.329951e+08, 1.339566e+08, 1.321132e+08, 1.326195e+08, 1.323436e+08, 1.327357e+08, 1.291468e+08, 1.317208e+08, 1.334198e+08, 1.337400e+08, 1.332204e+08
0.0299, 1.356089e+08, 1.384795e+08, 1.331024e+08, 1.340676e+08, 1.322197e+08, 1.327264e+08, 1.324500e+08, 1.328417e+08, 1.292434e+08, 1.318253e+08, 1.335279e+08, 1.338497e+08, 1.333286e+08
0.03, 1.357222e+08, 1.386008e+08, 1.332097e+08, 1.341786e+08, 1.323261e+08, 1.328331e+08, 1.325564e+08, 1.329476e+08, 1.293400e+08, 1.319298e+08, 1.336360e+08, 1.339593e+08, 1.334366e+08
0.0301, 1.358355e+08, 1.387219e+08, 1.333168e+08, 1.342895e+08, 1.324325e+08, 1.329398e+08, 1.326626e+08, 1.330535e+08, 1.294365e+08, 1.320341e+08, 1.337440e+08, 1.340689e+08, 1.335446e+08
0.0302, 1.359486e+08, 1.388429e+08, 1.334239e+08, 1.344003e+08, 1.325389e+08, 1.330465e+08, 1.327688e+08, 1.331593e+08, 1.295329e+08, 1.321385e+08, 1.338519e+08, 1.341783e+08, 1.336526e+08
0.0303, 1.360616e+08, 1.389638e+08, 1.335309e+08, 1.345111e+08, 1.326451e+08, 1.331530e+08, 1.328749e+08, 1.332650e+08, 1.296293e+08, 1.322427e+08, 1.339598e+08, 1.342877e+08, 1.337604e+08
0.0304, 1.361746e+08, 1.390847e+08, 1.336379e+08, 1.346218e+08, 1.327513e+08, 1.332595e+08, 1.329810e+08, 1.333707e+08, 1.297256e+08, 1.323469e+08, 1.340675e+08, 1.343971e+08, 1.338682e+08
0.0305, 1.362875e+08, 1.392054e+08, 1.337448e+08, 1.347324e+08, 1.328574e+08, 1.333659e+08, 1.330870e+08, 1.334763e+08, 1.298218e+08, 1.324510e+08, 1.341752e+08, 1.345063e+08, 1.339759e+08
0.0306, 1.364003e+08, 1.393260e+08, 1.338516e+08, 1.348429e+08, 1.329635e+08, 1.334722e+08, 1.331929e+08, 1.335818e+08, 1.299180e+08, 1.325551e+08, 1.342829e+08, 1.346155e+08, 1.340836e+08
0.0307, 1.365130e+08, 1.394466e+08, 1.339583e+08, 1.349533e+08, 1.330695e+08, 1.335785e+08, 1.332987e+08, 1.336872e+08, 1.300142e+08, 1.326591e+08, 1.343904e+08, 1.347246e+08, 1.341911e+08
0.0308, 1.366256e+08, 1.395670e+08, 1.340650e+08, 1.350637e+08, 1.331754e+08, 1.336847e+08, 1.334045e+08, 1.337926e+08, 1.301103e+08, 1.327631e+08, 1.344979e+08, 1.348337e+08, 1.342986e+08
0.0309, 1.367382e+08, 1.396873e+08, 1.341716e+08, 1.351740e+08, 1.332812e+08, 1.337908e+08, 1.335102e+08, 1.338979e+08, 1.302063e+08, 1.328669e+08, 1.346053e+08, 1.349426e+08, 1.344060e+08
0.031, 1.368506e+08, 1.398075e+08, 1.342781e+08, 1.352842e+08, 1.333870e+08, 1.338969e+08, 1.336158e+08, 1.340031e+08, 1.303023e+08, 1.329707e+08, 1.347126e+08, 1.350515e+08, 1.345134e+08
0.0311, 1.369630e+08, 1.399277e+08, 1.343845e+08, 1.353943e+08, 1.334927e+08, 1.340028e+08, 1.337214e+08, 1.341083e+08, 1.303982e+08, 1.330745e+08, 1.348199e+08, 1.351603e+08, 1.346206e+08
0.0312, 1.370753e+08, 1.400477e+08, 1.344909e+08, 1.355044e+08, 1.335984e+08, 1.341088e+08, 1.338269e+08, 1.342134e+08, 1.304941e+08, 1.331782e+08, 1.349271e+08, 1.352690e+08, 1.347278e+08
0.0313, 1.371875e+08, 1.401676e+08, 1.345972e+08, 1.356143e+08, 1.337040e+08, 1.342146e+08, 1.339323e+08, 1.343184e+08, 1.305899e+08, 1.332818e+08, 1.350342e+08, 1.353777e+08, 1.348350e+08
0.0314, 1.372996e+08, 1.402874e+08, 1.347034e+08, 1.357243e+08, 1.338095e+08, 1.343204e+08, 1.340377e+08, 1.344233e+08, 1.306857e+08, 1.333853e+08, 1.351412e+08, 1.354863e+08, 1.349420e+08
0.0315, 1.374117e+08, 1.404072e+08, 1.348096e+08, 1.358341e+08, 1.339149e+08, 1.344261e+08, 1.341430e+08, 1.345282e+08, 1.307814e+08, 1.334888e+08, 1.352482e+08, 1.355948e+08, 1.350490e+08
0.0316, 1.375236e+08, 1.405268e+08, 1.349157e+08, 1.359438e+08, 1.340203e+08, 1.345317e+08, 1.342482e+08, 1.346330e+08, 1.308770e+08, 1.335922e+08, 1.353550e+08, 1.357032e+08, 1.351559e+08
0.0317, 1.376355e+08, 1.406463e+08, 1.350217e+08, 1.360535e+08, 1.341256e+08, 1.346372e+08, 1.343533e+08, 1.347378e+08, 1.309726e+08, 1.336956e+08, 1.354619e+08, 1.358116e+08, 1.352627e+08
0.0318, 1.377473e+08, 1.407657e+08, 1.351276e+08, 1.361631e+08, 1.342309e+08, 1.347427e+08, 1.344584e+08, 1.348424e+08, 1.310681e+08, 1.337989e+08, 1.355686e+08, 1.359198e+08, 1.353695e+08
0.0319, 1.378590e+08, 1.408851e+08, 1.352335e+08, 1.362726e+08, 1.343361e+08, 1.348481e+08, 1.345634e+08, 1.349470e+08, 1.311636e+08, 1.339021e+08, 1.356753e+08, 1.360281e+08, 1.354762e+08
0.032, 1.379706e+08, 1.410043e+08, 1.353393e+08, 1.363821e+08, 1.344412e+08, 1.349535e+08, 1.346684e+08, 1.350515e+08, 1.312590e+08, 1.340053e+08, 1.357819e+08, 1.361362e+08, 1.355828e+08
0.0321, 1.380821e+08, 1.411234e+08, 1.354450e+08, 1.364914e+08, 1.345462e+08, 1.350587e+08, 1.347732e+08, 1.351560e+08, 1.313544e+08, 1.341084e+08, 1.358884e+08, 1.362442e+08, 1.356893e+08
0.0322, 1.381936e+08, 1.412424e+08, 1.355507e+08, 1.366007e+08, 1.346512e+08, 1.351639e+08, 1.348780e+08, 1.352604e+08, 1.314497e+08, 1.342114e+08, 1.359948e+08, 1.363522e+08, 1.357958e+08
0.0323, 1.383049e+08, 1.413614e+08, 1.356562e+08, 1.367099e+08, 1.347561e+08, 1.352690e+08, 1.349828e+08, 1.353647e+08, 1.315449e+08, 1.343144e+08, 1.361012e+08, 1.364601e+08, 1.359021e+08
0.0324, 1.384162e+08, 1.414802e+08, 1.357618e+08, 1.368191e+08, 1.348610e+08, 1.353741e+08, 1.350874e+08, 1.354689e+08, 1.316401e+08, 1.344173e+08, 1.362075e+08, 1.365680e+08, 1.360085e+08
0.0325, 1.385274e+08, 1.415989e+08, 1.358672e+08, 1.369281e+08, 1.349657e+08, 1.354791e+08, 1.351920e+08, 1.355731e+08, 1.317353e+08, 1.345202e+08, 1.363137e+08, 1.366757e+08, 1.361147e+08
0.0326, 1.386385e+08, 1.417175e+08, 1.359726e+08, 1.370371e+08, 1.350704e+08, 1.355840e+08, 1.352965e+08, 1.356772e+08, 1.318304e+08, 1.346230e+08, 1.364199e+08, 1.367834e+08, 1.362209e+08
0.0327, 1.387495e+08, 1.418361e+08, 1.360778e+08, 1.371460e+08, 1.351751e+08, 1.356888e+08, 1.354010e+08, 1.357812e+08, 1.319254e+08, 1.347257e+08, 1.365260e+08, 1.368910e+08, 1.363270e+08
0.0328, 1.388604e+08, 1.419545e+08, 1.361831e+08, 1.372549e+08, 1.352797e+08, 1.357936e+08, 1.355054e+08, 1.358851e+08, 1.320204e+08, 1.348283e+08, 1.366320e+08, 1.369986e+08, 1.364330e+08
0.0329, 1.389713e+08, 1.420728e+08, 1.362882e+08, 1.373636e+08, 1.353842e+08, 1.358983e+08, 1.356097e+08, 1.359890e+08, 1.321153e+08, 1.349309e+08, 1.367379e+08, 1.371060e+08, 1.365389e+08
0.033, 1.390821e+08, 1.421911e+08, 1.363933e+08, 1.374723e+08, 1.354886e+08, 1.360029e+08, 1.357139e+08, 1.360928e+08, 1.322102e+08, 1.350334e+08, 1.368438e+08, 1.372134e+08, 1.366448e+08
0.0331, 1.391928e+08, 1.423092e+08, 1.364983e+08, 1.375809e+08, 1.355930e+08, 1.361075e+08, 1.358181e+08, 1.361966e+08, 1.323050e+08, 1.351359e+08, 1.369496e+08, 1.373207e+08, 1.367506e+08
0.0332, 1.393034e+08, 1.424272e+08, 1.366032e+08, 1.376894e+08, 1.356973e+08, 1.362120e+08, 1.359222e+08, 1.363003e+08, 1.323997e+08, 1.352383e+08, 1.370553e+08, 1.374280e+08, 1.368564e+08
0.0333, 1.394139e+08, 1.425452e+08, 1.367081e+08, 1.377979e+08, 1.358015e+08, 1.363164e+08, 1.360263e+08, 1.364039e+08, 1.324944e+08, 1.353406e+08, 1.371609e+08, 1.375351e+08, 1.369620e+08
0.0334, 1.395243e+08, 1.426630e+08, 1.368129e+08, 1.379063e+08, 1.359057e+08, 1.364207e+08, 1.361302e+08, 1.365074e+08, 1.325890e+08, 1.354429e+08, 1.372665e+08, 1.376422e+08, 1.370676e+08
0.0335, 1.396347e+08, 1.427807e+08, 1.369176e+08, 1.380146e+08, 1.360098e+08, 1.365250e+08, 1.362341e+08, 1.366109e+08, 1.326836e+08, 1.355451e+08, 1.373720e+08, 1.377492e+08, 1.371731e+08
0.0336, 1.397449e+08, 1.428984e+08, 1.370222e+08, 1.381228e+08, 1.361139e+08, 1.366292e+08, 1.363380e+08, 1.367142e+08, 1.327782e+08, 1.356472e+08, 1.374774e+08, 1.378562e+08, 1.372785e+08
0.0337, 1.398551e+08, 1.430159e+08, 1.371268e+08, 1.382309e+08, 1.362178e+08, 1.367333e+08, 1.364417e+08, 1.368176e+08, 1.328726e+08, 1.357493e+08, 1.375828e+08, 1.379630e+08, 1.373839e+08
0.0338, 1.399652e+08, 1.431333e+08, 1.372313e+08, 1.383390e+08, 1.363217e+08, 1.368374e+08, 1.365454e+08, 1.369208e+08, 1.329670e+08, 1.358513e+08, 1.376881e+08, 1.380698e+08, 1.374892e+08
0.0339, 1.400752e+08, 1.432507e+08, 1.373357e+08, 1.384470e+08, 1.364256e+08, 1.369413e+08, 1.366491e+08, 1.370240e+08, 1.330614e+08, 1.359533e+08, 1.377933e+08, 1.381765e+08, 1.375944e+08
0.034, 1.401852e+08, 1.433679e+08, 1.374401e+08, 1.385549e+08, 1.365293e+08, 1.370453e+08, 1.367526e+08, 1.371271e+08, 1.331557e+08, 1.360552e+08, 1.378984e+08, 1.382832e+08, 1.376996e+08
0.0341, 1.402950e+08, 1.434851e+08, 1.375444e+08, 1.386628e+08, 1.366330e+08, 1.371491e+08, 1.368561e+08, 1.372301e+08, 1.332499e+08, 1.361570e+08, 1.380035e+08, 1.383897e+08, 1.378046e+08
0.0342, 1.404048e+08, 1.436021e+08, 1.376486e+08, 1.387705e+08, 1.367367e+08, 1.372529e+08, 1.369595e+08, 1.373331e+08, 1.333441e+08, 1.362587e+08, 1.381084e+08, 1.384962e+08, 1.379096e+08
0.0343, 1.405145e+08, 1.437191e+08, 1.377527e+08, 1.388782e+08, 1.368402e+08, 1.373566e+08, 1.370629e+08, 1.374360e+08, 1.334383e+08, 1.363604e+08, 1.382134e+08, 1.386027e+08, 1.380146e+08
0.0344, 1.406241e+08, 1.438359e+08, 1.378568e+08, 1.389858e+08, 1.369437e+08, 1.374602e+08, 1.371661e+08, 1.375388e+08, 1.335324e+08, 1.364621e+08, 1.383182e+08, 1.387090e+08, 1.381194e+08
0.0345, 1.407336e+08, 1.439527e+08, 1.379608e+08, 1.390934e+08, 1.370472e+08, 1.375638e+08, 1.372694e+08, 1.376416e+08, 1.336264e+08, 1.365636e+08, 1.384230e+08, 1.388153e+08, 1.382242e+08
0.0346, 1.408430e+08, 1.440693e+08, 1.380647e+08, 1.392008e+08, 1.371505e+08, 1.376673e+08, 1.373725e+08, 1.377443e+08, 1.337203e+08, 1.366651e+08, 1.385277e+08, 1.389215e+08, 1.383289e+08
0.0347, 1.409524e+08, 1.441859e+08, 1.381686e+08, 1.393082e+08, 1.372538e+08, 1.377707e+08, 1.374756e+08, 1.378469e+08, 1.338143e+08, 1.367666e+08, 1.386323e+08, 1.390276e+08, 1.384336e+08
0.0348, 1.410616e+08, 1.443024e+08, 1.382724e+08, 1.394155e+08, 1.373571e+08, 1.378740e+08, 1.375786e+08, 1.379494e+08, 1.339081e+08, 1.368679e+08, 1.387368e+08, 1.391336e+08, 1.385381e+08
0.0349, 1.411708e+08, 1.444187e+08, 1.383761e+08, 1.395228e+08, 1.374602e+08, 1.379773e+08, 1.376815e+08, 1.380519e+08, 1.340019e+08, 1.369692e+08, 1.388413e+08, 1.392396e+08, 1.386426e+08
0.035, 1.412799e+08, 1.445350e+08, 1.384797e+08, 1.396299e+08, 1.375633e+08, 1.380805e+08, 1.377844e+08, 1.381543e+08, 1.340957e+08, 1.370705e+08, 1.389457e+08, 1.393455e+08, 1.387470e+08
0.0351, 1.413890e+08, 1.446512e+08, 1.385833e+08, 1.397370e+08, 1.376663e+08, 1.381836e+08, 1.378872e+08, 1.382567e+08, 1.341894e+08, 1.371717e+08, 1.390500e+08, 1.394514e+08, 1.388514e+08
0.0352, 1.414979e+08, 1.447672e+08, 1.386868e+08, 1.398440e+08, 1.377693e+08, 1.382867e+08, 1.379899e+08, 1.383589e+08, 1.342830e+08, 1.372728e+08, 1.391543e+08, 1.395571e+08, 1.389557e+08
0.0353, 1.416067e+08, 1.448832e+08, 1.387902e+08, 1.399510e+08, 1.378722e+08, 1.383897e+08, 1.380926e+08, 1.384611e+08, 1.343766e+08, 1.373738e+08, 1.392585e+08, 1.396628e+08, 1.390599e+08
0.0354, 1.417155e+08, 1.449991e+08, 1.388936e+08, 1.400578e+08, 1.379750e+08, 1.384926e+08, 1.381951e+08, 1.385633e+08, 1.344701e+08, 1.374748e+08, 1.393626e+08, 1.397684e+08, 1.391640e+08
0.0355, 1.418242e+08, 1.451149e+08, 1.389969e+08, 1.401646e+08, 1.380778e+08, 1.385955e+08, 1.382977e+08, 1.386653e+08, 1.345635e+08, 1.375758e+08, 1.394666e+08, 1.398739e+08, 1.392681e+08
0.0356, 1.419328e+08, 1.452305e+08, 1.391001e+08, 1.402713e+08, 1.381805e+08, 1.386982e+08, 1.384001e+08, 1.387673e+08, 1.346570e+08, 1.376766e+08, 1.395706e+08, 1.399794e+08, 1.393720e+08
0.0357, 1.420413e+08, 1.453461e+08, 1.392032e+08, 1.403780e+08, 1.382831e+08, 1.388009e+08, 1.385025e+08, 1.388692e+08, 1.347503e+08, 1.377774e+08, 1.396745e+08, 1.400848e+08, 1.394759e+08
0.0358, 1.421498e+08, 1.454616e+08, 1.393063e+08, 1.404845e+08, 1.383856e+08, 1.389036e+08, 1.386048e+08, 1.389711e+08, 1.348436e+08, 1.378781e+08, 1.397783e+08, 1.401901e+08, 1.395798e+08
0.0359, 1.422581e+08, 1.455770e+08, 1.394093e+08, 1.405910e+08, 1.384881e+08, 1.390061e+08, 1.387071e+08, 1.390729e+08, 1.349369e+08, 1.379788e+08, 1.398821e+08, 1.402953e+08, 1.396836e+08
0.036, 1.423664e+08, 1.456923e+08, 1.395122e+08, 1.406974e+08, 1.385905e+08, 1.391086e+08, 1.388092e+08, 1.391746e+08, 1.350300e+08, 1.380794e+08, 1.399858e+08, 1.404005e+08, 1.397873e+08
0.0361, 1.424746e+08, 1.458075e+08, 1.396151e+08, 1.408037e+08, 1.386929e+08, 1.392111e+08, 1.389113e+08, 1.392762e+08, 1.351232e+08, 1.381800e+08, 1.400894e+08, 1.405056e+08, 1.398909e+08
0.0362, 1.425827e+08, 1.459226e+08, 1.397179e+08, 1.409100e+08, 1.387952e+08, 1.393134e+08, 1.390134e+08, 1.393778e+08, 1.352163e+08, 1.382804e+08, 1.401929e+08, 1.406106e+08, 1.399944e+08
0.0363, 1.426907e+08, 1.460376e+08, 1.398206e+08, 1.410162e+08, 1.388974e+08, 1.394157e+08, 1.391153e+08, 1.394793e+08, 1.353093e+08, 1.383808e+08, 1.402964e+08, 1.407155e+08, 1.400979e+08
0.0364, 1.427987e+08, 1.461525e+08, 1.399232e+08, 1.411223e+08, 1.389995e+08, 1.395179e+08, 1.392172e+08, 1.395807e+08, 1.354022e+08, 1.384812e+08, 1.403998e+08, 1.408204e+08, 1.402013e+08
0.0365, 1.429065e+08, 1.462673e+08, 1.400258e+08, 1.412283e+08, 1.391016e+08, 1.396201e+08, 1.393191e+08, 1.396821e+08, 1.354951e+08, 1.385815e+08, 1.405031e+08, 1.409252e+08, 1.403046e+08
0.0366, 1.430143e+08, 1.463821e+08, 1.401283e+08, 1.413342e+08, 1.392036e+08, 1.397221e+08, 1.394208e+08, 1.397834e+08, 1.355880e+08, 1.386817e+08, 1.406063e+08, 1.410299e+08, 1.404079e+08
0.0367, 1.431220e+08, 1.464967e+08, 1.402307e+08, 1.414401e+08, 1.393056e+08, 1.398241e+08, 1.395225e+08, 1.398846e+08, 1.356808e+08, 1.387819e+08, 1.407095e+08, 1.411346e+08, 1.405111e+08
0.0368, 1.432296e+08, 1.466112e+08, 1.403331e+08, 1.415459e+08, 1.394075e+08, 1.399261e+08, 1.396242e+08, 1.399857e+08, 1.357735e+08, 1.388820e+08, 1.408126e+08, 1.412392e+08, 1.406142e+08
0.0369, 1.433372e+08, 1.467256e+08, 1.404354e+08, 1.416517e+08, 1.395093e+08, 1.400279e+08, 1.397257e+08, 1.400868e+08, 1.358662e+08, 1.389820e+08, 1.409156e+08, 1.413437e+08, 1.407173e+08
0.037, 1.434446e+08, 1.468400e+08, 1.405376e+08, 1.417573e+08, 1.396110e+08, 1.401297e+08, 1.398272e+08, 1.401878e+08, 1.359589e+08, 1.390820e+08, 1.410186e+08, 1.414481e+08, 1.408202e+08
0.0371, 1.435520e+08, 1.469542e+08, 1.406397e+08, 1.418629e+08, 1.397127e+08, 1.402314e+08, 1.399286e+08, 1.402888e+08, 1.360514e+08, 1.391819e+08, 1.411215e+08, 1.415525e+08, 1.409231e+08
0.0372, 1.436593e+08, 1.470683e+08, 1.407418e+08, 1.419684e+08, 1.398143e+08, 1.403331e+08, 1.400300e+08, 1.403896e+08, 1.361440e+08, 1.392817e+08, 1.412243e+08, 1.416568e+08, 1.410260e+08
0.0373, 1.437665e+08, 1.471824e+08, 1.408438e+08, 1.420738e+08, 1.399159e+08, 1.404347e+08, 1.401313e+08, 1.404905e+08, 1.362364e+08, 1.393815e+08, 1.413270e+08, 1.417610e+08, 1.411287e+08
0.0374, 1.438736e+08, 1.472963e+08, 1.409458e+08, 1.421792e+08, 1.400173e+08, 1.405362e+08, 1.402325e+08, 1.405912e+08, 1.363288e+08, 1.394812e+08, 1.414297e+08, 1.418651e+08, 1.412314e+08
0.0375, 1.439807e+08, 1.474102e+08, 1.410476e+08, 1.422844e+08, 1.401187e+08, 1.406376e+08, 1.403336e+08, 1.406919e+08, 1.364212e+08, 1.395808e+08, 1.415323e+08, 1.419692e+08, 1.413340e+08
0.0376, 1.440876e+08, 1.475239e+08, 1.411494e+08, 1.423896e+08, 1.402201e+08, 1.407390e+08, 1.404347e+08, 1.407925e+08, 1.365135e+08, 1.396804e+08, 1.416348e+08, 1.420732e+08, 1.414366e+08
0.0377, 1.441945e+08, 1.476376e+08, 1.412511e+08, 1.424948e+08, 1.403213e+08, 1.408403e+08, 1.405357e+08, 1.408930e+08, 1.366057e+08, 1.397799e+08, 1.417373e+08, 1.421771e+08, 1.415390e+08
0.0378, 1.443013e+08, 1.477512e+08, 1.413528e+08, 1.425998e+08, 1.404225e+08, 1.409415e+08, 1.406366e+08, 1.409934e+08, 1.366979e+08, 1.398794e+08, 1.418397e+08, 1.422809e+08, 1.416414e+08
0.0379, 1.444080e+08, 1.478646e+08, 1.414544e+08, 1.427048e+08, 1.405237e+08, 1.410427e+08, 1.407375e+08, 1.410938e+08, 1.367900e+08, 1.399788e+08, 1.419420e+08, 1.423847e+08, 1.417438e+08
0.038, 1.445147e+08, 1.479780e+08, 1.415559e+08, 1.428097e+08, 1.406248e+08, 1.411438e+08, 1.408383e+08, 1.411942e+08, 1.368821e+08, 1.400781e+08, 1.420442e+08, 1.424884e+08, 1.418460e+08
0.0381, 1.446212e+08, 1.480913e+08, 1.416573e+08, 1.429145e+08, 1.407258e+08, 1.412448e+08, 1.409390e+08, 1.412944e+08, 1.369741e+08, 1.401774e+08, 1.421464e+08, 1.425920e+08, 1.419482e+08
0.0382, 1.447277e+08, 1.482045e+08, 1.417587e+08, 1.430193e+08, 1.408267e+08, 1.413457e+08, 1.410397e+08, 1.413946e+08, 1.370661e+08, 1.402766e+08, 1.422485e+08, 1.426956e+08, 1.420503e+08
0.0383, 1.448341e+08, 1.483176e+08, 1.418600e+08, 1.431240e+08, 1.409276e+08, 1.414466e+08, 1.411403e+08, 1.414947e+08, 1.371580e+08, 1.403757e+08, 1.423505e+08, 1.427991e+08, 1.421523e+08
0.0384, 1.449404e+08, 1.484306e+08, 1.419612e+08, 1.432286e+08, 1.410284e+08, 1.415474e+08, 1.412408e+08, 1.415948e+08, 1.372499e+08, 1.404748e+08, 1.424525e+08, 1.429025e+08, 1.422543e+08
0.0385, 1.450466e+08, 1.485435e+08, 1.420623e+08, 1.433331e+08, 1.411291e+08, 1.416481e+08, 1.413413e+08, 1.416947e+08, 1.373417e+08, 1.405738e+08, 1.425544e+08, 1.430058e+08, 1.423562e+08
0.0386, 1.451528e+08, 1.486563e+08, 1.421634e+08, 1.434376e+08, 1.412298e+08, 1.417488e+08, 1.414417e+08, 1.417946e+08, 1.374334e+08, 1.406728e+08, 1.426562e+08, 1.431091e+08, 1.424580e+08
0.0387, 1.452589e+08, 1.487690e+08, 1.422644e+08, 1.435419e+08, 1.413304e+08, 1.418494e+08, 1.415420e+08, 1.418945e+08, 1.375251e+08, 1.407716e+08, 1.427579e+08, 1.432123e+08, 1.425598e+08
0.0388, 1.453649e+08, 1.488816e+08, 1.423654e+08, 1.436462e+08, 1.414309e+08, 1.419499e+08, 1.416423e+08, 1.419943e+08, 1.376167e+08, 1.408705e+08, 1.428596e+08, 1.433154e+08, 1.426615e+08
0.0389, 1.454708e+08, 1.489942e+08, 1.424663e+08, 1.437505e+08, 1.415314e+08, 1.420504e+08, 1.417425e+08, 1.420940e+08, 1.377083e+08, 1.409692e+08, 1.429612e+08, 1.434185e+08, 1.427631e+08
0.039, 1.455766e+08, 1.491066e+08, 1.425671e+08, 1.438546e+08, 1.416318e+08, 1.421508e+08, 1.418426e+08, 1.421936e+08, 1.377998e+08, 1.410679e+08, 1.430627e+08, 1.435214e+08, 1.428646e+08
0.0391, 1.456823e+08, 1.492189e+08, 1.426678e+08, 1.439587e+08, 1.417321e+08, 1.422511e+08, 1.419426e+08, 1.422932e+08, 1.378913e+08, 1.411666e+08, 1.431641e+08, 1.436243e+08, 1.429661e+08
0.0392, 1.457880e+08, 1.493312e+08, 1.427685e+08, 1.440627e+08, 1.418323e+08, 1.423513e+08, 1.420426e+08, 1.423926e+08, 1.379827e+08, 1.412651e+08, 1.432655e+08, 1.437272e+08, 1.430675e+08
0.0393, 1.458936e+08, 1.494433e+08, 1.428690e+08, 1.441667e+08, 1.419325e+08, 1.424515e+08, 1.421425e+08, 1.424921e+08, 1.380741e+08, 1.413636e+08, 1.433668e+08, 1.438299e+08, 1.431688e+08
0.0394, 1.459991e+08, 1.495554e+08, 1.429696e+08, 1.442705e+08, 1.420327e+08, 1.425516e+08, 1.422424e+08, 1.425914e+08, 1.381654e+08, 1.414621e+08, 1.434681e+08, 1.439326e+08, 1.432701e+08
0.0395, 1.461045e+08, 1.496673e+08, 1.430700e+08, 1.443743e+08, 1.421327e+08, 1.426517e+08, 1.423422e+08, 1.426907e+08, 1.382566e+08, 1.415604e+08, 1.435692e+08, 1.440352e+08, 1.433712e+08
0.0396, 1.462098e+08, 1.497792e+08, 1.431704e+08, 1.444780e+08, 1.422327e+08, 1.427516e+08, 1.424419e+08, 1.427899e+08, 1.383478e+08, 1.416588e+08, 1.436703e+08, 1.441378e+08, 1.434724e+08
0.0397, 1.463151e+08, 1.498910e+08, 1.432707e+08, 1.445816e+08, 1.423326e+08, 1.428515e+08, 1.425415e+08, 1.428891e+08, 1.384389e+08, 1.417570e+08, 1.437714e+08, 1.442402e+08, 1.435734e+08
0.0398, 1.464203e+08, 1.500026e+08, 1.433709e+08, 1.446852e+08, 1.424325e+08, 1.429514e+08, 1.426411e+08, 1.429882e+08, 1.385300e+08, 1.418552e+08, 1.438723e+08, 1.443426e+08, 1.436744e+08
0.0399, 1.465254e+08, 1.501142e+08, 1.434711e+08, 1.447887e+08, 1.425323e+08, 1.430511e+08, 1.427406e+08, 1.430872e+08, 1.386210e+08, 1.419533e+08, 1.439732e+08, 1.444450e+08, 1.437753e+08
0.04, 1.466304e+08, 1.502257e+08, 1.435712e+08, 1.448921e+08, 1.426320e+08, 1.431508e+08, 1.428400e+08, 1.431861e+08, 1.387120e+08, 1.420514e+08, 1.440740e+08, 1.445472e+08, 1.438761e+08
0.0401, 1.467354e+08, 1.503371e+08, 1.436712e+08, 1.449955e+08, 1.427317e+08, 1.432504e+08, 1.429394e+08, 1.432850e+08, 1.388029e+08, 1.421494e+08, 1.441747e+08, 1.446494e+08, 1.439768e+08
0.0402, 1.468402e+08, 1.504484e+08, 1.437712e+08, 1.450987e+08, 1.428313e+08, 1.433500e+08, 1.430387e+08, 1.433838e+08, 1.388938e+08, 1.422473e+08, 1.442754e+08, 1.447515e+08, 1.440775e+08
0.0403, 1.469450e+08, 1.505596e+08, 1.438711e+08, 1.452019e+08, 1.429308e+08, 1.434494e+08, 1.431380e+08, 1.434826e+08, 1.389846e+08, 1.423452e+08, 1.443760e+08, 1.448535e+08, 1.441781e+08
0.0404, 1.470497e+08, 1.506708e+08, 1.439709e+08, 1.453050e+08, 1.430302e+08, 1.435489e+08, 1.432371e+08, 1.435813e+08, 1.390753e+08, 1.424430e+08, 1.444765e+08, 1.449555e+08, 1.442787e+08
0.0405, 1.471543e+08, 1.507818e+08, 1.440707e+08, 1.454081e+08, 1.431296e+08, 1.436482e+08, 1.433362e+08, 1.436799e+08, 1.391660e+08, 1.425407e+08, 1.445770e+08, 1.450574e+08, 1.443792e+08
0.0406, 1.472588e+08, 1.508927e+08, 1.441703e+08, 1.455110e+08, 1.432289e+08, 1.437475e+08, 1.434353e+08, 1.437784e+08, 1.392567e+08, 1.426384e+08, 1.446774e+08, 1.451592e+08, 1.444796e+08
0.0407, 1.473633e+08, 1.510035e+08, 1.442700e+08, 1.456139e+08, 1.433282e+08, 1.438467e+08, 1.435342e+08, 1.438769e+08, 1.393472e+08, 1.427360e+08, 1.447777e+08, 1.452610e+08, 1.445799e+08
0.0408, 1.474677e+08, 1.511143e+08, 1.443695e+08, 1.457168e+08, 1.434274e+08, 1.439458e+08, 1.436331e+08, 1.439753e+08, 1.394378e+08, 1.428336e+08, 1.448779e+08, 1.453626e+08, 1.446801e+08
0.0409, 1.475720e+08, 1.512249e+08, 1.444690e+08, 1.458195e+08, 1.435265e+08, 1.440449e+08, 1.437319e+08, 1.440736e+08, 1.395282e+08, 1.429311e+08, 1.449781e+08, 1.454642e+08, 1.447803e+08
0.041, 1.476762e+08, 1.513355e+08, 1.445684e+08, 1.459222e+08, 1.436256e+08, 1.441438e+08, 1.438307e+08, 1.441719e+08, 1.396187e+08, 1.430285e+08, 1.450782e+08, 1.455658e+08, 1.448805e+08
0.0411, 1.477803e+08, 1.514460e+08, 1.446677e+08, 1.460248e+08, 1.437245e+08, 1.442428e+08, 1.439294e+08, 1.442701e+08, 1.397090e+08, 1.431259e+08, 1.451782e+08, 1.456672e+08, 1.449805e+08
0.0412, 1.478844e+08, 1.515563e+08, 1.447670e+08, 1.461273e+08, 1.438235e+08, 1.443416e+08, 1.440280e+08, 1.443682e+08, 1.397993e+08, 1.432232e+08, 1.452782e+08, 1.457686e+08, 1.450805e+08
0.0413, 1.479884e+08, 1.516666e+08, 1.448661e+08, 1.462298e+08, 1.439223e+08, 1.444404e+08, 1.441266e+08, 1.444663e+08, 1.398896e+08, 1.433204e+08, 1.453781e+08, 1.458700e+08, 1.451804e+08
0.0414, 1.480923e+08, 1.517768e+08, 1.449653e+08, 1.463322e+08, 1.440211e+08, 1.445391e+08, 1.442251e+08, 1.445643e+08, 1.399798e+08, 1.434176e+08, 1.454779e+08, 1.459712e+08, 1.452802e+08
0.0415, 1.481961e+08, 1.518869e+08, 1.450643e+08, 1.464345e+08, 1.441198e+08, 1.446378e+08, 1.443235e+08, 1.446622e+08, 1.400699e+08, 1.435147e+08, 1.455777e+08, 1.460724e+08, 1.453800e+08
0.0416, 1.482998e+08, 1.519969e+08, 1.451633e+08, 1.465367e+08, 1.442185e+08, 1.447363e+08, 1.444219e+08, 1.447600e+08, 1.401600e+08, 1.436118e+08, 1.456773e+08, 1.461735e+08, 1.454797e+08
0.0417, 1.484035e+08, 1.521068e+08, 1.452622e+08, 1.466389e+08, 1.443170e+08, 1.448349e+08, 1.445201e+08, 1.448578e+08, 1.402500e+08, 1.437088e+08, 1.457769e+08, 1.462745e+08, 1.455793e+08
0.0418, 1.485071e+08, 1.522167e+08, 1.453611e+08, 1.467409e+08, 1.444156e+08, 1.449333e+08, 1.446184e+08, 1.449555e+08, 1.403400e+08, 1.438057e+08, 1.458765e+08, 1.463755e+08, 1.456788e+08
0.0419, 1.486106e+08, 1.523264e+08, 1.454598e+08, 1.468430e+08, 1.445140e+08, 1.450317e+08, 1.447165e+08, 1.450532e+08, 1.404299e+08, 1.439025e+08, 1.459760e+08, 1.464764e+08, 1.457783e+08
0.042, 1.487140e+08, 1.524360e+08, 1.455585e+08, 1.469449e+08, 1.446124e+08, 1.451300e+08, 1.448146e+08, 1.451508e+08, 1.405198e+08, 1.439993e+08, 1.460753e+08, 1.465772e+08, 1.458777e+08
0.0421, 1.488174e+08, 1.525456e+08, 1.456572e+08, 1.470468e+08, 1.447107e+08, 1.452282e+08, 1.449126e+08, 1.452483e+08, 1.406096e+08, 1.440961e+08, 1.461747e+08, 1.466779e+08, 1.459771e+08
0.0422, 1.489206e+08, 1.526550e+08, 1.457557e+08, 1.471486e+08, 1.448090e+08, 1.453264e+08, 1.450106e+08, 1.453458e+08, 1.406994e+08, 1.441928e+08, 1.462739e+08, 1.467786e+08, 1.460764e+08
0.0423, 1.490238e+08, 1.527644e+08, 1.458542e+08, 1.472503e+08, 1.449071e+08, 1.454244e+08, 1.451085e+08, 1.454431e+08, 1.407891e+08, 1.442894e+08, 1.463731e+08, 1.468792e+08, 1.461756e+08
0.0424, 1.491269e+08, 1.528736e+08, 1.459526e+08, 1.473519e+08, 1.450052e+08, 1.455225e+08, 1.452063e+08, 1.455405e+08, 1.408787e+08, 1.443859e+08, 1.464722e+08, 1.469797e+08, 1.462747e+08
0.0425, 1.492299e+08, 1.529828e+08, 1.460510e+08, 1.474535e+08, 1.451033e+08, 1.456204e+08, 1.453040e+08, 1.456377e+08, 1.409683e+08, 1.444824e+08, 1.465713e+08, 1.470802e+08, 1.463737e+08
0.0426, 1.493329e+08, 1.530919e+08, 1.461493e+08, 1.475550e+08, 1.452013e+08, 1.457183e+08, 1.454017e+08, 1.457349e+08, 1.410579e+08, 1.445788e+08, 1.466702e+08, 1.471806e+08, 1.464727e+08
0.0427, 1.494358e+08, 1.532009e+08, 1.462475e+08, 1.476564e+08, 1.452992e+08, 1.458161e+08, 1.454993e+08, 1.458320e+08, 1.411474e+08, 1.446752e+08, 1.467692e+08, 1.472809e+08, 1.465717e+08
0.0428, 1.495386e+08, 1.533098e+08, 1.463457e+08, 1.477578e+08, 1.453970e+08, 1.459139e+08, 1.455969e+08, 1.459291e+08, 1.412368e+08, 1.447715e+08, 1.468680e+08, 1.473812e+08, 1.466705e+08
0.0429, 1.496413e+08, 1.534186e+08, 1.464437e+08, 1.478591e+08, 1.454948e+08, 1.460116e+08, 1.456943e+08, 1.460260e+08, 1.413262e+08, 1.448677e+08, 1.469668e+08, 1.474813e+08, 1.467693e+08
0.043, 1.497439e+08, 1.535273e+08, 1.465417e+08, 1.479603e+08, 1.455925e+08, 1.461092e+08, 1.457918e+08, 1.461229e+08, 1.414155e+08, 1.449639e+08, 1.470654e+08, 1.475814e+08, 1.468680e+08
0.0431, 1.498465e+08, 1.536360e+08, 1.466397e+08, 1.480614e+08, 1.456902e+08, 1.462067e+08, 1.458891e+08, 1.462198e+08, 1.415047e+08, 1.450600e+08, 1.471641e+08, 1.476815e+08, 1.469666e+08
0.0432, 1.499489e+08, 1.537445e+08, 1.467376e+08, 1.481625e+08, 1.457878e+08, 1.463042e+08, 1.459864e+08, 1.463166e+08, 1.415940e+08, 1.451560e+08, 1.472626e+08, 1.477814e+08, 1.470652e+08
0.0433, 1.500513e+08, 1.538529e+08, 1.468354e+08, 1.482635e+08, 1.458853e+08, 1.464016e+08, 1.460836e+08, 1.464133e+08, 1.416831e+08, 1.452520e+08, 1.473611e+08, 1.478813e+08, 1.471637e+08
0.0434, 1.501536e+08, 1.539613e+08, 1.469331e+08, 1.483644e+08, 1.459827e+08, 1.464989e+08, 1.461807e+08, 1.465099e+08, 1.417722e+08, 1.453479e+08, 1.474595e+08, 1.479812e+08, 1.472621e+08
0.0435, 1.502559e+08, 1.540696e+08, 1.470308e+08, 1.484652e+08, 1.460801e+08, 1.465962e+08, 1.462778e+08, 1.466065e+08, 1.418613e+08, 1.454438e+08, 1.475579e+08, 1.480809e+08, 1.473605e+08
0.0436, 1.503580e+08, 1.541777e+08, 1.471283e+08, 1.485660e+08, 1.461774e+08, 1.466934e+08, 1.463748e+08, 1.467030e+08, 1.419503e+08, 1.455396e+08, 1.476561e+08, 1.481806e+08, 1.474588e+08
0.0437, 1.504601e+08, 1.542858e+08, 1.472259e+08, 1.486667e+08, 1.462747e+08, 1.467905e+08, 1.464718e+08, 1.467994e+08, 1.420392e+08, 1.456353e+08, 1.477543e+08, 1.482802e+08, 1.475570e+08
0.0438, 1.505621e+08, 1.543938e+08, 1.473233e+08, 1.487673e+08, 1.463718e+08, 1.468876e+08, 1.465687e+08, 1.468958e+08, 1.421281e+08, 1.457310e+08, 1.478525e+08, 1.483798e+08, 1.476552e+08
0.0439, 1.506641e+08, 1.545017e+08, 1.474207e+08, 1.488679e+08, 1.464690e+08, 1.469846e+08, 1.466655e+08, 1.469921e+08, 1.422169e+08, 1.458266e+08, 1.479505e+08, 1.484792e+08, 1.477532e+08
0.044, 1.507659e+08, 1.546095e+08, 1.475180e+08, 1.489684e+08, 1.465660e+08, 1.470815e+08, 1.467622e+08, 1.470884e+08, 1.423057e+08, 1.459221e+08, 1.480485e+08, 1.485786e+08, 1.478512e+08
0.0441, 1.508677e+08, 1.547173e+08, 1.476153e+08, 1.490688e+08, 1.466630e+08, 1.471783e+08, 1.468589e+08, 1.471845e+08, 1.423944e+08, 1.460176e+08, 1.481465e+08, 1.486779e+08, 1.479492e+08
0.0442, 1.509694e+08, 1.548249e+08, 1.477125e+08, 1.491691e+08, 1.467599e+08, 1.472751e+08, 1.469555e+08, 1.472806e+08, 1.424831e+08, 1.461131e+08, 1.482443e+08, 1.487772e+08, 1.480471e+08
0.0443, 1.510710e+08, 1.549324e+08, 1.478096e+08, 1.492694e+08, 1.468567e+08, 1.473719e+08, 1.470520e+08, 1.473767e+08, 1.425717e+08, 1.462084e+08, 1.483421e+08, 1.488764e+08, 1.481449e+08
0.0444, 1.511725e+08, 1.550399e+08, 1.479066e+08, 1.493696e+08, 1.469535e+08, 1.474685e+08, 1.471485e+08, 1.474727e+08, 1.426602e+08, 1.463037e+08, 1.484398e+08, 1.489755e+08, 1.482426e+08
0.0445, 1.512740e+08, 1.551472e+08, 1.480036e+08, 1.494697e+08, 1.470502e+08, 1.475651e+08, 1.472449e+08, 1.475686e+08, 1.427487e+08, 1.463989e+08, 1.485375e+08, 1.490746e+08, 1.483403e+08
0.0446, 1.513754e+08, 1.552545e+08, 1.481005e+08, 1.495697e+08, 1.471469e+08, 1.476616e+08, 1.473413e+08, 1.476644e+08, 1.428372e+08, 1.464941e+08, 1.486350e+08, 1.491735e+08, 1.484378e+08
0.0447, 1.514767e+08, 1.553617e+08, 1.481974e+08, 1.496697e+08, 1.472435e+08, 1.477580e+08, 1.474375e+08, 1.477602e+08, 1.429256e+08, 1.465892e+08, 1.487326e+08, 1.492724e+08, 1.485354e+08
0.0448, 1.515779e+08, 1.554688e+08, 1.482941e+08, 1.497696e+08, 1.473400e+08, 1.478544e+08, 1.475338e+08, 1.478559e+08, 1.430139e+08, 1.466843e+08, 1.488300e+08, 1.493713e+08, 1.486328e+08
0.0449, 1.516790e+08, 1.555758e+08, 1.483908e+08, 1.498694e+08, 1.474364e+08, 1.479507e+08, 1.476299e+08, 1.479515e+08, 1.431022e+08, 1.467793e+08, 1.489274e+08, 1.494700e+08, 1.487302e+08
0.045, 1.517801e+08, 1.556827e+08, 1.484875e+08, 1.499692e+08, 1.475328e+08, 1.480470e+08, 1.477260e+08, 1.480471e+08, 1.431904e+08, 1.468742e+08, 1.490247e+08, 1.495687e+08, 1.488275e+08
0.0451, 1.518811e+08, 1.557895e+08, 1.485840e+08, 1.500689e+08, 1.476291e+08, 1.481431e+08, 1.478220e+08, 1.481426e+08, 1.432786e+08, 1.469690e+08, 1.491219e+08, 1.496674e+08, 1.489248e+08
0.0452, 1.519820e+08, 1.558963e+08, 1.486805e+08, 1.501685e+08, 1.477254e+08, 1.482393e+08, 1.479179e+08, 1.482380e+08, 1.433667e+08, 1.470638e+08, 1.492191e+08, 1.497659e+08, 1.490220e+08
0.0453, 1.520828e+08, 1.560029e+08, 1.487769e+08, 1.502680e+08, 1.478216e+08, 1.483353e+08, 1.480138e+08, 1.483334e+08, 1.434548e+08, 1.471586e+08, 1.493161e+08, 1.498644e+08, 1.491191e+08
0.0454, 1.521836e+08, 1.561094e+08, 1.488733e+08, 1.503675e+08, 1.479177e+08, 1.484313e+08, 1.481096e+08, 1.484287e+08, 1.435428e+08, 1.472532e+08, 1.494132e+08, 1.499628e+08, 1.492161e+08
0.0455, 1.522843e+08, 1.562159e+08, 1.489696e+08, 1.504669e+08, 1.480137e+08, 1.485272e+08, 1.482054e+08, 1.485239e+08, 1.436308e+08, 1.473479e+08, 1.495101e+08, 1.500612e+08, 1.493131e+08
0.0456, 1.523849e+08, 1.563223e+08, 1.490658e+08, 1.505662e+08, 1.481097e+08, 1.486230e+08, 1.483010e+08, 1.486191e+08, 1.437187e+08, 1.474424e+08, 1.496070e+08, 1.501594e+08, 1.494100e+08
0.0457, 1.524854e+08, 1.564286e+08, 1.491620e+08, 1.506655e+08, 1.482056e+08, 1.487188e+08, 1.483967e+08, 1.487142e+08, 1.438065e+08, 1.475369e+08, 1.497038e+08, 1.502576e+08, 1.495068e+08
0.0458, 1.525858e+08, 1.565348e+08, 1.492581e+08, 1.507647e+08, 1.483015e+08, 1.488145e+08, 1.484922e+08, 1.488093e+08, 1.438943e+08, 1.476313e+08, 1.498006e+08, 1.503558e+08, 1.496036e+08
0.0459, 1.526862e+08, 1.566409e+08, 1.493541e+08, 1.508638e+08, 1.483973e+08, 1.489101e+08, 1.485877e+08, 1.489042e+08, 1.439821e+08, 1.477257e+08, 1.498972e+08, 1.504538e+08, 1.497003e+08
0.046, 1.527865e+08, 1.567469e+08, 1.494500e+08, 1.509628e+08, 1.484930e+08, 1.490057e+08, 1.486831e+08, 1.489991e+08, 1.440698e+08, 1.478200e+08, 1.499939e+08, 1.505518e+08, 1.497969e+08
0.0461, 1.528867e+08, 1.568528e+08, 1.495459e+08, 1.510618e+08, 1.485887e+08, 1.491011e+08, 1.487784e+08, 1.490940e+08, 1.441574e+08, 1.479142e+08, 1.500904e+08, 1.506498e+08, 1.498934e+08
0.0462, 1.529869e+08, 1.569587e+08, 1.496417e+08, 1.511607e+08, 1.486843e+08, 1.491966e+08, 1.488737e+08, 1.491888e+08, 1.442450e+08, 1.480084e+08, 1.501869e+08, 1.507476e+08, 1.499899e+08
0.0463, 1.530869e+08, 1.570644e+08, 1.497375e+08, 1.512595e+08, 1.487798e+08, 1.492919e+08, 1.489689e+08, 1.492835e+08, 1.443325e+08, 1.481025e+08, 1.502833e+08, 1.508454e+08, 1.500863e+08
0.0464, 1.531869e+08, 1.571701e+08, 1.498331e+08, 1.513583e+08, 1.488752e+08, 1.493872e+08, 1.490641e+08, 1.493781e+08, 1.444200e+08, 1.481966e+08, 1.503796e+08, 1.509431e+08, 1.501827e+08
0.0465, 1.532868e+08, 1.572757e+08, 1.499288e+08, 1.514569e+08, 1.489706e+08, 1.494824e+08, 1.491592e+08, 1.494727e+08, 1.445074e+08, 1.482905e+08, 1.504759e+08, 1.510408e+08, 1.502790e+08
0.0466, 1.533867e+08, 1.573811e+08, 1.500243e+08, 1.515556e+08, 1.490660e+08, 1.495776e+08, 1.492542e+08, 1.495672e+08, 1.445948e+08, 1.483845e+08, 1.505721e+08, 1.511383e+08, 1.503752e+08
0.0467, 1.534864e+08, 1.574865e+08, 1.501198e+08, 1.516541e+08, 1.491612e+08, 1.496727e+08, 1.493491e+08, 1.496616e+08, 1.446821e+08, 1.484783e+08, 1.506682e+08, 1.512359e+08, 1.504713e+08
0.0468, 1.535861e+08, 1.575919e+08, 1.502152e+08, 1.517526e+08, 1.492564e+08, 1.497677e+08, 1.494440e+08, 1.497560e+08, 1.447693e+08, 1.485722e+08, 1.507642e+08, 1.513333e+08, 1.505674e+08
0.0469, 1.536857e+08, 1.576971e+08, 1.503105e+08, 1.518510e+08, 1.493515e+08, 1.498627e+08, 1.495388e+08, 1.498503e+08, 1.448565e+08, 1.486659e+08, 1.508602e+08, 1.514307e+08, 1.506634e+08
0.047, 1.537852e+08, 1.578022e+08, 1.504058e+08, 1.519493e+08, 1.494466e+08, 1.499576e+08, 1.496336e+08, 1.499446e+08, 1.449437e+08, 1.487596e+08, 1.509561e+08, 1.515280e+08, 1.507593e+08
0.0471, 1.538847e+08, 1.579073e+08, 1.505010e+08, 1.520475e+08, 1.495416e+08, 1.500524e+08, 1.497283e+08, 1.500388e+08, 1.450308e+08, 1.488532e+08, 1.510520e+08, 1.516252e+08, 1.508552e+08
0.0472, 1.539840e+08, 1.580122e+08, 1.505961e+08, 1.521457e+08, 1.496365e+08, 1.501471e+08, 1.498229e+08, 1.501329e+08, 1.451178e+08, 1.489468e+08, 1.511478e+08, 1.517224e+08, 1.509510e+08
0.0473, 1.540833e+08, 1.581171e+08, 1.506912e+08, 1.522438e+08, 1.497314e+08, 1.502418e+08, 1.499175e+08, 1.502269e+08, 1.452048e+08, 1.490403e+08, 1.512435e+08, 1.518194e+08, 1.510468e+08
0.0474, 1.541825e+08, 1.582219e+08, 1.507862e+08, 1.523419e+08, 1.498262e+08, 1.503364e+08, 1.500120e+08, 1.503209e+08, 1.452918e+08, 1.491337e+08, 1.513391e+08, 1.519165e+08, 1.511424e+08
0.0475, 1.542817e+08, 1.583266e+08, 1.508811e+08, 1.524398e+08, 1.499209e+08, 1.504310e+08, 1.501064e+08, 1.504148e+08, 1.453786e+08, 1.492271e+08, 1.514347e+08, 1.520134e+08, 1.512380e+08
0.0476, 1.543808e+08, 1.584312e+08, 1.509760e+08, 1.525377e+08, 1.500156e+08, 1.505255e+08, 1.502007e+08, 1.505087e+08, 1.454655e+08, 1.493204e+08, 1.515302e+08, 1.521103e+08, 1.513335e+08
0.0477, 1.544797e+08, 1.585357e+08, 1.510708e+08, 1.526356e+08, 1.501102e+08, 1.506199e+08, 1.502950e+08, 1.506025e+08, 1.455522e+08, 1.494136e+08, 1.516257e+08, 1.522071e+08, 1.514290e+08
0.0478, 1.545787e+08, 1.586401e+08, 1.511655e+08, 1.527333e+08, 1.502047e+08, 1.507142e+08, 1.503893e+08, 1.506962e+08, 1.456390e+08, 1.495068e+08, 1.517210e+08, 1.523039e+08, 1.515244e+08
0.0479, 1.546775e+08, 1.587445e+08, 1.512602e+08, 1.528310e+08, 1.502992e+08, 1.508085e+08, 1.504834e+08, 1.507898e+08, 1.457256e+08, 1.495999e+08, 1.518163e+08, 1.524005e+08, 1.516197e+08
0.048, 1.547763e+08, 1.588487e+08, 1.513548e+08, 1.529286e+08, 1.503936e+08, 1.509027e+08, 1.505775e+08, 1.508834e+08, 1.458122e+08, 1.496930e+08, 1.519116e+08, 1.524971e+08, 1.517150e+08
0.0481, 1.548749e+08, 1.589529e+08, 1.514493e+08, 1.530261e+08, 1.504879e+08, 1.509969e+08, 1.506715e+08, 1.509770e+08, 1.458988e+08, 1.497860e+08, 1.520068e+08, 1.525937e+08, 1.518101e+08
0.0482, 1.549735e+08, 1.590570e+08, 1.515437e+08, 1.531236e+08, 1.505822e+08, 1.510909e+08, 1.507655e+08, 1.510704e+08, 1.459853e+08, 1.498789e+08, 1.521019e+08, 1.526902e+08, 1.519053e+08
0.0483, 1.550721e+08, 1.591610e+08, 1.516381e+08, 1.532210e+08, 1.506764e+08, 1.511850e+08, 1.508594e+08, 1.511638e+08, 1.460717e+08, 1.499718e+08, 1.521969e+08, 1.527866e+08, 1.520003e+08
0.0484, 1.551705e+08, 1.592649e+08, 1.517325e+08, 1.533183e+08, 1.507706e+08, 1.512789e+08, 1.509532e+08, 1.512571e+08, 1.461581e+08, 1.500647e+08, 1.522918e+08, 1.528829e+08, 1.520953e+08
0.0485, 1.552689e+08, 1.593687e+08, 1.518267e+08, 1.534156e+08, 1.508646e+08, 1.513728e+08, 1.510470e+08, 1.513504e+08, 1.462445e+08, 1.501574e+08, 1.523867e+08, 1.529792e+08, 1.521902e+08
0.0486, 1.553672e+08, 1.594724e+08, 1.519209e+08, 1.535128e+08, 1.509587e+08, 1.514666e+08, 1.511407e+08, 1.514436e+08, 1.463308e+08, 1.502501e+08, 1.524816e+08, 1.530753e+08, 1.522851e+08
0.0487, 1.554654e+08, 1.595761e+08, 1.520150e+08, 1.536099e+08, 1.510526e+08, 1.515603e+08, 1.512344e+08, 1.515367e+08, 1.464170e+08, 1.503427e+08, 1.525763e+08, 1.531715e+08, 1.523798e+08
0.0488, 1.555636e+08, 1.596796e+08, 1.521091e+08, 1.537070e+08, 1.511465e+08, 1.516540e+08, 1.513279e+08, 1.516298e+08, 1.465032e+08, 1.504353e+08, 1.526710e+08, 1.532675e+08, 1.524745e+08
0.0489, 1.556617e+08, 1.597831e+08, 1.522031e+08, 1.538039e+08, 1.512403e+08, 1.517476e+08, 1.514214e+08, 1.517228e+08, 1.465893e+08, 1.505278e+08, 1.527656e+08, 1.533635e+08, 1.525692e+08
0.049, 1.557597e+08, 1.598865e+08, 1.522970e+08, 1.539008e+08, 1.513340e+08, 1.518412e+08, 1.515149e+08, 1.518157e+08, 1.466754e+08, 1.506203e+08, 1.528602e+08, 1.534594e+08, 1.526638e+08
0.0491, 1.558576e+08, 1.599898e+08, 1.523909e+08, 1.539977e+08, 1.514277e+08, 1.519347e+08, 1.516083e+08, 1.519086e+08, 1.467614e+08, 1.507127e+08, 1.529547e+08, 1.535553e+08, 1.527583e+08
0.0492, 1.559555e+08, 1.600930e+08, 1.524846e+08, 1.540944e+08, 1.515214e+08, 1.520281e+08, 1.517016e+08, 1.520014e+08, 1.468474e+08, 1.508050e+08, 1.530491e+08, 1.536511e+08, 1.528527e+08
0.0493, 1.560532e+08, 1.601961e+08, 1.525784e+08, 1.541911e+08, 1.516149e+08, 1.521214e+08, 1.517948e+08, 1.520941e+08, 1.469333e+08, 1.508973e+08, 1.531435e+08, 1.537468e+08, 1.529471e+08
0.0494, 1.561509e+08, 1.602992e+08, 1.526720e+08, 1.542878e+08, 1.517084e+08, 1.522147e+08, 1.518880e+08, 1.521868e+08, 1.470192e+08, 1.509895e+08, 1.532378e+08, 1.538424e+08, 1.530414e+08
0.0495, 1.562486e+08, 1.604021e+08, 1.527656e+08, 1.543843e+08, 1.518018e+08, 1.523079e+08, 1.519811e+08, 1.522794e+08, 1.471050e+08, 1.510816e+08, 1.533320e+08, 1.539380e+08, 1.531356e+08
0.0496, 1.563461e+08, 1.605050e+08, 1.528591e+08, 1.544808e+08, 1.518952e+08, 1.524010e+08, 1.520742e+08, 1.523720e+08, 1.471907e+08, 1.511737e+08, 1.534261e+08, 1.540335e+08, 1.532298e+08
0.0497, 1.564436e+08, 1.606078e+08, 1.529526e+08, 1.545772e+08, 1.519885e+08, 1.524941e+08, 1.521672e+08, 1.524645e+08, 1.472765e+08, 1.512657e+08, 1.535202e+08, 1.541290e+08, 1.533239e+08
0.0498, 1.565410e+08, 1.607105e+08, 1.530460e+08, 1.546736e+08, 1.520817e+08, 1.525871e+08, 1.522601e+08, 1.525569e+08, 1.473621e+08, 1.513577e+08, 1.536142e+08, 1.542243e+08, 1.534179e+08
0.0499, 1.566383e+08, 1.608131e+08, 1.531393e+08, 1.547698e+08, 1.521749e+08, 1.526801e+08, 1.523529e+08, 1.526492e+08, 1.474477e+08, 1.514496e+08, 1.537082e+08, 1.543196e+08, 1.535119e+08
0.05, 1.567355e+08, 1.609156e+08, 1.532325e+08, 1.548660e+08, 1.522680e+08, 1.527730e+08, 1.524457e+08, 1.527415e+08, 1.475332e+08, 1.515414e+08, 1.538020e+08, 1.544149e+08, 1.536058e+08
