Time, Grain_0, Grain_1, Grain_2, Grain_3, Grain_4, Grain_5, Grain_6, Grain_7, Grain_8, Grain_9, Grain_10
0, 1.000000e+08, 1.000000e+08, 1.000000e+08, 1.000000e+08, 1.000000e+08, 1.000000e+08, 1.000000e+08, 1.000000e+08, 1.000000e+08, 1.000000e+08
0.0001, 1.000000e+08, 1.000000e+08, 1.000000e+08, 1.000000e+08, 1.000000e+08, 1.000000e+08, 1.000000e+08, 1.000000e+08, 1.000000e+08, 1.000000e+08
0.0002, 1.000000e+08, 1.000000e+08, 1.000000e+08, 1.000000e+08, 1.000000e+08, 1.000000e+08, 1.000000e+08, 1.000000e+08, 1.000000e+08, 1.000000e+08
0.0003, 1.000000e+08, 1.000000e+08, 1.000000e+08, 1.000000e+08, 1.000000e+08, 1.000000e+08, 1.000000e+08, 1.000000e+08, 1.000000e+08, 1.000000e+08
0.0004, 1.000000e+08, 1.000000e+08, 1.000000e+08, 1.000000e+08, 1.000000e+08, 1.000000e+08, 1.000000e+08, 1.000000e+08, 1.000000e+08, 1.000000e+08
0.0005, 1.000000e+08, 1.000000e+08, 1.000000e+08, 1.000000e+08, 1.000000e+08, 1.000000e+08, 1.000000e+08, 1.000000e+08, 1.000000e+08, 1.000000e+08
0.0006, 1.000000e+08, 1.000000e+08, 1.000000e+08, 1.000000e+08, 1.000000e+08, 1.000000e+08, 1.000000e+08, 1.000000e+08, 1.000000e+08, 1.000000e+08
0.0007, 1.000000e+08, 1.000000e+08, 1.000000e+08, 1.000001e+08, 1.000001e+08, 1.000000e+08, 1.000000e+08, 1.000000e+08, 1.000000e+08, 1.000002e+08
0.0008, 1.000001e+08, 1.000001e+08, 1.000001e+08, 1.000003e+08, 1.000002e+08, 1.000001e+08, 1.000001e+08, 1.000002e+08, 1.000002e+08, 1.000007e+08
0.0009, 1.000004e+08, 1.000005e+08, 1.000003e+08, 1.000012e+08, 1.000008e+08, 1.000005e+08, 1.000002e+08, 1.000007e+08, 1.000007e+08, 1.000026e+08
0.001, 1.000012e+08, 1.000017e+08, 1.000011e+08, 1.000037e+08, 1.000026e+08, 1.000017e+08, 1.000007e+08, 1.000021e+08, 1.000023e+08, 1.000083e+08
0.0011, 1.000033e+08, 1.000047e+08, 1.000030e+08, 1.000102e+08, 1.000071e+08, 1.000049e+08, 1.000020e+08, 1.000060e+08, 1.000064e+08, 1.000227e+08
0.0012, 1.000084e+08, 1.000118e+08, 1.000074e+08, 1.000252e+08, 1.000176e+08, 1.000124e+08, 1.000051e+08, 1.000148e+08, 1.000163e+08, 1.000542e+08
0.0013, 1.000189e+08, 1.000267e+08, 1.000165e+08, 1.000553e+08, 1.000384e+08, 1.000279e+08, 1.000119e+08, 1.000325e+08, 1.000373e+08, 1.001118e+08
0.0014, 1.000380e+08, 1.000543e+08, 1.000326e+08, 1.001071e+08, 1.000736e+08, 1.000560e+08, 1.000246e+08, 1.000625e+08, 1.000767e+08, 1.001999e+08
0.0015, 1.000686e+08, 1.000998e+08, 1.000574e+08, 1.001848e+08, 1.001245e+08, 1.001001e+08, 1.000460e+08, 1.001063e+08, 1.001414e+08, 1.003152e+08
0.0016, 1.001116e+08, 1.001664e+08, 1.000913e+08, 1.002875e+08, 1.001893e+08, 1.001611e+08, 1.000772e+08, 1.001623e+08, 1.002338e+08, 1.004501e+08
0.0017, 1.001659e+08, 1.002543e+08, 1.001334e+08, 1.004106e+08, 1.002640e+08, 1.002369e+08, 1.001181e+08, 1.002273e+08, 1.003511e+08, 1.005971e+08
0.0018, 1.002293e+08, 1.003602e+08, 1.001820e+08, 1.005484e+08, 1.003448e+08, 1.003247e+08, 1.001668e+08, 1.002986e+08, 1.004872e+08, 1.007510e+08
0.0019, 1.002992e+08, 1.004799e+08, 1.002357e+08, 1.006956e+08, 1.004289e+08, 1.004216e+08, 1.002215e+08, 1.003739e+08, 1.006359e+08, 1.009084e+08
0.002, 1.003738e+08, 1.006092e+08, 1.002935e+08, 1.008487e+08, 1.005146e+08, 1.005257e+08, 1.002803e+08, 1.004520e+08, 1.007925e+08, 1.010674e+08
0.0021, 1.004516e+08, 1.007450e+08, 1.003547e+08, 1.010053e+08, 1.006010e+08, 1.006354e+08, 1.003423e+08, 1.005324e+08, 1.009539e+08, 1.012271e+08
0.0022, 1.005319e+08, 1.008850e+08, 1.004188e+08, 1.011638e+08, 1.006876e+08, 1.007498e+08, 1.004065e+08, 1.006145e+08, 1.011182e+08, 1.013869e+08
0.0023, 1.006140e+08, 1.010279e+08, 1.004855e+08, 1.013234e+08, 1.007742e+08, 1.008681e+08, 1.004726e+08, 1.006983e+08, 1.012842e+08, 1.015466e+08
0.0024, 1.006975e+08, 1.011724e+08, 1.005544e+08, 1.014836e+08, 1.008607e+08, 1.009896e+08, 1.005401e+08, 1.007837e+08, 1.014514e+08, 1.017061e+08
0.0025, 1.007823e+08, 1.013182e+08, 1.006255e+08, 1.016441e+08, 1.009470e+08, 1.011138e+08, 1.006089e+08, 1.008707e+08, 1.016193e+08, 1.018654e+08
0.0026, 1.008681e+08, 1.014647e+08, 1.006985e+08, 1.018048e+08, 1.010332e+08, 1.012403e+08, 1.006789e+08, 1.009592e+08, 1.017876e+08, 1.020246e+08
0.0027, 1.009547e+08, 1.016117e+08, 1.007734e+08, 1.019655e+08, 1.011193e+08, 1.013686e+08, 1.007499e+08, 1.010492e+08, 1.019561e+08, 1.021836e+08
0.0028, 1.010422e+08, 1.017590e+08, 1.008498e+08, 1.021262e+08, 1.012052e+08, 1.014984e+08, 1.008220e+08, 1.011406e+08, 1.021247e+08, 1.023424e+08
0.0029, 1.011305e+08, 1.019065e+08, 1.009278e+08, 1.022868e+08, 1.012910e+08, 1.016294e+08, 1.008949e+08, 1.012333e+08, 1.022934e+08, 1.025012e+08
0.003, 1.012195e+08, 1.020541e+08, 1.010071e+08, 1.024473e+08, 1.013767e+08, 1.017614e+08, 1.009687e+08, 1.013273e+08, 1.024619e+08, 1.026599e+08
0.0031, 1.013091e+08, 1.022017e+08, 1.010877e+08, 1.026076e+08, 1.014622e+08, 1.018942e+08, 1.010434e+08, 1.014225e+08, 1.026303e+08, 1.028186e+08
0.0032, 1.013993e+08, 1.023493e+08, 1.011695e+08, 1.027678e+08, 1.015477e+08, 1.020275e+08, 1.011188e+08, 1.015188e+08, 1.027985e+08, 1.029771e+08
0.0033, 1.014902e+08, 1.024969e+08, 1.012524e+08, 1.029278e+08, 1.016331e+08, 1.021614e+08, 1.011949e+08, 1.016162e+08, 1.029664e+08, 1.031356e+08
0.0034, 1.015816e+08, 1.026443e+08, 1.013362e+08, 1.030876e+08, 1.017183e+08, 1.022956e+08, 1.012717e+08, 1.017146e+08, 1.031341e+08, 1.032940e+08
0.0035, 1.016736e+08, 1.027917e+08, 1.014210e+08, 1.032472e+08, 1.018035e+08, 1.024301e+08, 1.013491e+08, 1.018138e+08, 1.033015e+08, 1.034523e+08
0.0036, 1.017661e+08, 1.029389e+08, 1.015067e+08, 1.034066e+08, 1.018887e+08, 1.025648e+08, 1.014271e+08, 1.019138e+08, 1.034685e+08, 1.036106e+08
0.0037, 1.018591e+08, 1.030859e+08, 1.015931e+08, 1.035658e+08, 1.019737e+08, 1.026998e+08, 1.015057e+08, 1.020146e+08, 1.036353e+08, 1.037688e+08
0.0038, 1.019526e+08, 1.032328e+08, 1.016804e+08, 1.037248e+08, 1.020587e+08, 1.028348e+08, 1.015848e+08, 1.021161e+08, 1.038017e+08, 1.039269e+08
0.0039, 1.020465e+08, 1.033795e+08, 1.017683e+08, 1.038835e+08, 1.021436e+08, 1.029700e+08, 1.016644e+08, 1.022182e+08, 1.039678e+08, 1.040849e+08
0.004, 1.021409e+08, 1.035261e+08, 1.018569e+08, 1.040421e+08, 1.022285e+08, 1.031053e+08, 1.017445e+08, 1.023209e+08, 1.041336e+08, 1.042429e+08
0.0041, 1.022358e+08, 1.036724e+08, 1.019461e+08, 1.042004e+08, 1.023133e+08, 1.032406e+08, 1.018251e+08, 1.024241e+08, 1.042990e+08, 1.044007e+08
0.0042, 1.023311e+08, 1.038185e+08, 1.020360e+08, 1.043584e+08, 1.023981e+08, 1.033760e+08, 1.019060e+08, 1.025278e+08, 1.044641e+08, 1.045585e+08
0.0043, 1.024268e+08, 1.039644e+08, 1.021264e+08, 1.045162e+08, 1.024829e+08, 1.035114e+08, 1.019874e+08, 1.026319e+08, 1.046289e+08, 1.047161e+08
0.0044, 1.025228e+08, 1.041101e+08, 1.022173e+08, 1.046738e+08, 1.025676e+08, 1.036468e+08, 1.020692e+08, 1.027365e+08, 1.047933e+08, 1.048737e+08
0.0045, 1.026193e+08, 1.042555e+08, 1.023088e+08, 1.048311e+08, 1.026523e+08, 1.037822e+08, 1.021513e+08, 1.028414e+08, 1.049574e+08, 1.050311e+08
0.0046, 1.027162e+08, 1.044007e+08, 1.024007e+08, 1.049882e+08, 1.027370e+08, 1.039176e+08, 1.022338e+08, 1.029467e+08, 1.051211e+08, 1.051884e+08
0.0047, 1.028134e+08, 1.045457e+08, 1.024931e+08, 1.051451e+08, 1.028216e+08, 1.040530e+08, 1.023166e+08, 1.030523e+08, 1.052846e+08, 1.053456e+08
0.0048, 1.029109e+08, 1.046905e+08, 1.025859e+08, 1.053017e+08, 1.029063e+08, 1.041883e+08, 1.023998e+08, 1.031583e+08, 1.054477e+08, 1.055027e+08
0.0049, 1.030088e+08, 1.048350e+08, 1.026792e+08, 1.054580e+08, 1.029909e+08, 1.043236e+08, 1.024832e+08, 1.032645e+08, 1.056105e+08, 1.056597e+08
0.005, 1.031070e+08, 1.049792e+08, 1.027728e+08, 1.056141e+08, 1.030755e+08, 1.044589e+08, 1.025670e+08, 1.033709e+08, 1.057730e+08, 1.058165e+08
0.0051, 1.032055e+08, 1.051232e+08, 1.028669e+08, 1.057699e+08, 1.031602e+08, 1.045941e+08, 1.026510e+08, 1.034776e+08, 1.059352e+08, 1.059732e+08
0.0052, 1.033044e+08, 1.052670e+08, 1.029613e+08, 1.059255e+08, 1.032448e+08, 1.047292e+08, 1.027354e+08, 1.035846e+08, 1.060971e+08, 1.061298e+08
0.0053, 1.034035e+08, 1.054105e+08, 1.030561e+08, 1.060808e+08, 1.033295e+08, 1.048642e+08, 1.028199e+08, 1.036917e+08, 1.062587e+08, 1.062862e+08
0.0054, 1.035030e+08, 1.055538e+08, 1.031512e+08, 1.062359e+08, 1.034141e+08, 1.049992e+08, 1.029048e+08, 1.037991e+08, 1.064201e+08, 1.064425e+08
0.0055, 1.036027e+08, 1.056968e+08, 1.032466e+08, 1.063907e+08, 1.034988e+08, 1.051341e+08, 1.029899e+08, 1.039066e+08, 1.065811e+08, 1.065987e+08
0.0056, 1.037027e+08, 1.058396e+08, 1.033424e+08, 1.065453e+08, 1.035834e+08, 1.052690e+08, 1.030752e+08, 1.040143e+08, 1.067418e+08, 1.067547e+08
0.0057, 1.038030e+08, 1.059821e+08, 1.034385e+08, 1.066997e+08, 1.036681e+08, 1.054037e+08, 1.031608e+08, 1.041222e+08, 1.069023e+08, 1.069106e+08
0.0058, 1.039035e+08, 1.061244e+08, 1.035348e+08, 1.068538e+08, 1.037529e+08, 1.055384e+08, 1.032466e+08, 1.042302e+08, 1.070625e+08, 1.070663e+08
0.0059, 1.040043e+08, 1.062664e+08, 1.036315e+08, 1.070076e+08, 1.038376e+08, 1.056730e+08, 1.033326e+08, 1.043384e+08, 1.072224e+08, 1.072219e+08
0.006, 1.041053e+08, 1.064081e+08, 1.037284e+08, 1.071612e+08, 1.039223e+08, 1.058075e+08, 1.034188e+08, 1.044468e+08, 1.073821e+08, 1.073773e+08
0.0061, 1.042066e+08, 1.065497e+08, 1.038256e+08, 1.073145e+08, 1.040071e+08, 1.059419e+08, 1.035052e+08, 1.045552e+08, 1.075415e+08, 1.075326e+08
0.0062, 1.043081e+08, 1.066909e+08, 1.039231e+08, 1.074676e+08, 1.040919e+08, 1.060761e+08, 1.035918e+08, 1.046638e+08, 1.077006e+08, 1.076877e+08
0.0063, 1.044099e+08, 1.068320e+08, 1.040208e+08, 1.076205e+08, 1.041768e+08, 1.062103e+08, 1.036786e+08, 1.047726e+08, 1.078595e+08, 1.078427e+08
0.0064, 1.045119e+08, 1.069728e+08, 1.041187e+08, 1.077731e+08, 1.042616e+08, 1.063444e+08, 1.037656e+08, 1.048814e+08, 1.080181e+08, 1.079975e+08
0.0065, 1.046141e+08, 1.071133e+08, 1.042169e+08, 1.079255e+08, 1.043465e+08, 1.064784e+08, 1.038527e+08, 1.049904e+08, 1.081765e+08, 1.081521e+08
0.0066, 1.047165e+08, 1.072536e+08, 1.043152e+08, 1.080777e+08, 1.044314e+08, 1.066123e+08, 1.039401e+08, 1.050994e+08, 1.083347e+08, 1.083066e+08
0.0067, 1.048191e+08, 1.073936e+08, 1.044139e+08, 1.082296e+08, 1.045163e+08, 1.067460e+08, 1.040276e+08, 1.052086e+08, 1.084926e+08, 1.084610e+08
0.0068, 1.049219e+08, 1.075334e+08, 1.045127e+08, 1.083813e+08, 1.046013e+08, 1.068797e+08, 1.041153e+08, 1.053178e+08, 1.086502e+08, 1.086151e+08
0.0069, 1.050250e+08, 1.076730e+08, 1.046117e+08, 1.085327e+08, 1.046863e+08, 1.070132e+08, 1.042031e+08, 1.054272e+08, 1.088076e+08, 1.087691e+08
0.007, 1.051282e+08, 1.078123e+08, 1.047109e+08, 1.086839e+08, 1.047713e+08, 1.071467e+08, 1.042911e+08, 1.055366e+08, 1.089648e+08, 1.089230e+08
0.0071, 1.052316e+08, 1.079514e+08, 1.048103e+08, 1.088349e+08, 1.048563e+08, 1.072800e+08, 1.043792e+08, 1.056462e+08, 1.091218e+08, 1.090767e+08
0.0072, 1.053352e+08, 1.080903e+08, 1.049099e+08, 1.089857e+08, 1.049414e+08, 1.074132e+08, 1.044675e+08, 1.057558e+08, 1.092785e+08, 1.092302e+08
0.0073, 1.054390e+08, 1.082289e+08, 1.050096e+08, 1.091362e+08, 1.050264e+08, 1.075463e+08, 1.045559e+08, 1.058654e+08, 1.094350e+08, 1.093835e+08
0.0074, 1.055430e+08, 1.083673e+08, 1.051096e+08, 1.092866e+08, 1.051116e+08, 1.076793e+08, 1.046445e+08, 1.059752e+08, 1.095913e+08, 1.095367e+08
0.0075, 1.056471e+08, 1.085054e+08, 1.052097e+08, 1.094367e+08, 1.051967e+08, 1.078121e+08, 1.047332e+08, 1.060850e+08, 1.097473e+08, 1.096897e+08
0.0076, 1.057514e+08, 1.086433e+08, 1.053099e+08, 1.095865e+08, 1.052818e+08, 1.079449e+08, 1.048220e+08, 1.061949e+08, 1.099032e+08, 1.098426e+08
0.0077, 1.058559e+08, 1.087810e+08, 1.054104e+08, 1.097362e+08, 1.053670e+08, 1.080775e+08, 1.049109e+08, 1.063049e+08, 1.100588e+08, 1.099953e+08
0.0078, 1.059605e+08, 1.089185e+08, 1.055109e+08, 1.098856e+08, 1.054522e+08, 1.082100e+08, 1.050000e+08, 1.064149e+08, 1.102142e+08, 1.101478e+08
0.0079, 1.060653e+08, 1.090557e+08, 1.056117e+08, 1.100349e+08, 1.055374e+08, 1.083424e+08, 1.050892e+08, 1.065250e+08, 1.103694e+08, 1.103001e+08
0.008, 1.061703e+08, 1.091927e+08, 1.057125e+08, 1.101839e+08, 1.056227e+08, 1.084747e+08, 1.051785e+08, 1.066352e+08, 1.105243e+08, 1.104523e+08
0.0081, 1.062754e+08, 1.093295e+08, 1.058135e+08, 1.103327e+08, 1.057080e+08, 1.086068e+08, 1.052679e+08, 1.067454e+08, 1.106791e+08, 1.106044e+08
0.0082, 1.063806e+08, 1.094661e+08, 1.059147e+08, 1.104813e+08, 1.057932e+08, 1.087389e+08, 1.053574e+08, 1.068557e+08, 1.108337e+08, 1.107562e+08
0.0083, 1.064860e+08, 1.096024e+08, 1.060159e+08, 1.106297e+08, 1.058785e+08, 1.088708e+08, 1.054470e+08, 1.069660e+08, 1.109880e+08, 1.109079e+08
0.0084, 1.065916e+08, 1.097385e+08, 1.061173e+08, 1.107779e+08, 1.059639e+08, 1.090026e+08, 1.055367e+08, 1.070764e+08, 1.111422e+08, 1.110594e+08
0.0085, 1.066973e+08, 1.098744e+08, 1.062188e+08, 1.109258e+08, 1.060492e+08, 1.091343e+08, 1.056266e+08, 1.071868e+08, 1.112961e+08, 1.112108e+08
0.0086, 1.068031e+08, 1.100101e+08, 1.063205e+08, 1.110736e+08, 1.061346e+08, 1.092658e+08, 1.057165e+08, 1.072972e+08, 1.114498e+08, 1.113620e+08
0.0087, 1.069090e+08, 1.101456e+08, 1.064222e+08, 1.112212e+08, 1.062199e+08, 1.093972e+08, 1.058065e+08, 1.074077e+08, 1.116034e+08, 1.115130e+08
0.0088, 1.070151e+08, 1.102809e+08, 1.065241e+08, 1.113686e+08, 1.063053e+08, 1.095286e+08, 1.058966e+08, 1.075183e+08, 1.117567e+08, 1.116638e+08
0.0089, 1.071213e+08, 1.104159e+08, 1.066261e+08, 1.115157e+08, 1.063907e+08, 1.096597e+08, 1.059868e+08, 1.076289e+08, 1.119099e+08, 1.118145e+08
0.009, 1.072277e+08, 1.105507e+08, 1.067282e+08, 1.116627e+08, 1.064761e+08, 1.097908e+08, 1.060770e+08, 1.077395e+08, 1.120628e+08, 1.119651e+08
0.0091, 1.073341e+08, 1.106854e+08, 1.068304e+08, 1.118095e+08, 1.065616e+08, 1.099218e+08, 1.061674e+08, 1.078502e+08, 1.122156e+08, 1.121154e+08
0.0092, 1.074407e+08, 1.108198e+08, 1.069327e+08, 1.119561e+08, 1.066470e+08, 1.100526e+08, 1.062578e+08, 1.079609e+08, 1.123681e+08, 1.122656e+08
0.0093, 1.075474e+08, 1.109540e+08, 1.070351e+08, 1.121025e+08, 1.067325e+08, 1.101833e+08, 1.063483e+08, 1.080716e+08, 1.125205e+08, 1.124156e+08
0.0094, 1.076542e+08, 1.110880e+08, 1.071375e+08, 1.122487e+08, 1.068179e+08, 1.103139e+08, 1.064389e+08, 1.081824e+08, 1.126727e+08, 1.125655e+08
0.0095, 1.077611e+08, 1.112218e+08, 1.072401e+08, 1.123947e+08, 1.069034e+08, 1.104444e+08, 1.065296e+08, 1.082932e+08, 1.128247e+08, 1.127152e+08
0.0096, 1.078681e+08, 1.113555e+08, 1.073428e+08, 1.125406e+08, 1.069889e+08, 1.105747e+08, 1.066203e+08, 1.084040e+08, 1.129765e+08, 1.128647e+08
0.0097, 1.079753e+08, 1.114889e+08, 1.074455e+08, 1.126862e+08, 1.070744e+08, 1.107050e+08, 1.067111e+08, 1.085149e+08, 1.131281e+08, 1.130141e+08
0.0098, 1.080825e+08, 1.116221e+08, 1.075484e+08, 1.128317e+08, 1.071599e+08, 1.108351e+08, 1.068020e+08, 1.086258e+08, 1.132795e+08, 1.131633e+08
0.0099, 1.081898e+08, 1.117551e+08, 1.076513e+08, 1.129769e+08, 1.072454e+08, 1.109651e+08, 1.068929e+08, 1.087367e+08, 1.134308e+08, 1.133123e+08
0.01, 1.082973e+08, 1.118879e+08, 1.077543e+08, 1.131220e+08, 1.073309e+08, 1.110949e+08, 1.069839e+08, 1.088476e+08, 1.135818e+08, 1.134612e+08
0.0101, 1.084048e+08, 1.120205e+08, 1.078574e+08, 1.132669e+08, 1.074164e+08, 1.112247e+08, 1.070749e+08, 1.089586e+08, 1.137327e+08, 1.136099e+08
0.0102, 1.085124e+08, 1.121530e+08, 1.079605e+08, 1.134117e+08, 1.075020e+08, 1.113543e+08, 1.071660e+08, 1.090696e+08, 1.138834e+08, 1.137584e+08
0.0103, 1.086201e+08, 1.122852e+08, 1.080637e+08, 1.135562e+08, 1.075875e+08, 1.114839e+08, 1.072572e+08, 1.091806e+08, 1.140339e+08, 1.139068e+08
0.0104, 1.087279e+08, 1.124172e+08, 1.081670e+08, 1.137006e+08, 1.076730e+08, 1.116133e+08, 1.073484e+08, 1.092916e+08, 1.141843e+08, 1.140551e+08
0.0105, 1.088358e+08, 1.125491e+08, 1.082704e+08, 1.138448e+08, 1.077586e+08, 1.117425e+08, 1.074397e+08, 1.094026e+08, 1.143344e+08, 1.142031e+08
0.0106, 1.089438e+08, 1.126808e+08, 1.083738e+08, 1.139888e+08, 1.078441e+08, 1.118717e+08, 1.075310e+08, 1.095137e+08, 1.144844e+08, 1.143510e+08
0.0107, 1.090519e+08, 1.128122e+08, 1.084773e+08, 1.141327e+08, 1.079297e+08, 1.120008e+08, 1.076224e+08, 1.096247e+08, 1.146342e+08, 1.144987e+08
0.0108, 1.091600e+08, 1.129435e+08, 1.085809e+08, 1.142763e+08, 1.080152e+08, 1.121297e+08, 1.077138e+08, 1.097358e+08, 1.147839e+08, 1.146463e+08
0.0109, 1.092682e+08, 1.130746e+08, 1.086845e+08, 1.144198e+08, 1.081008e+08, 1.122585e+08, 1.078052e+08, 1.098469e+08, 1.149333e+08, 1.147937e+08
0.011, 1.093765e+08, 1.132056e+08, 1.087882e+08, 1.145632e+08, 1.081863e+08, 1.123872e+08, 1.078967e+08, 1.099580e+08, 1.150826e+08, 1.149410e+08
0.0111, 1.094849e+08, 1.133363e+08, 1.088920e+08, 1.147063e+08, 1.082719e+08, 1.125158e+08, 1.079883e+08, 1.100691e+08, 1.152317e+08, 1.150881e+08
0.0112, 1.095933e+08, 1.134669e+08, 1.089958e+08, 1.148493e+08, 1.083574e+08, 1.126443e+08, 1.080799e+08, 1.101802e+08, 1.153807e+08, 1.152350e+08
0.0113, 1.097019e+08, 1.135973e+08, 1.090996e+08, 1.149922e+08, 1.084430e+08, 1.127726e+08, 1.081715e+08, 1.102914e+08, 1.155294e+08, 1.153818e+08
0.0114, 1.098104e+08, 1.137275e+08, 1.092035e+08, 1.151348e+08, 1.085285e+08, 1.129008e+08, 1.082632e+08, 1.104025e+08, 1.156780e+08, 1.155284e+08
0.0115, 1.099191e+08, 1.138575e+08, 1.093075e+08, 1.152773e+08, 1.086141e+08, 1.130290e+08, 1.083549e+08, 1.105136e+08, 1.158264e+08, 1.156749e+08
0.0116, 1.100278e+08, 1.139873e+08, 1.094115e+08, 1.154196e+08, 1.086996e+08, 1.131570e+08, 1.084466e+08, 1.106248e+08, 1.159747e+08, 1.158212e+08
0.0117, 1.101366e+08, 1.141170e+08, 1.095155e+08, 1.155618e+08, 1.087852e+08, 1.132849e+08, 1.085384e+08, 1.107359e+08, 1.161228e+08, 1.159673e+08
0.0118, 1.102455e+08, 1.142465e+08, 1.096196e+08, 1.157038e+08, 1.088707e+08, 1.134126e+08, 1.086302e+08, 1.108471e+08, 1.162707e+08, 1.161133e+08
0.0119, 1.103544e+08, 1.143759e+08, 1.097238e+08, 1.158456e+08, 1.089563e+08, 1.135403e+08, 1.087220e+08, 1.109582e+08, 1.164185e+08, 1.162592e+08
0.012, 1.104633e+08, 1.145050e+08, 1.098280e+08, 1.159873e+08, 1.090418e+08, 1.136679e+08, 1.088139e+08, 1.110694e+08, 1.165660e+08, 1.164048e+08
0.0121, 1.105724e+08, 1.146340e+08, 1.099322e+08, 1.161288e+08, 1.091274e+08, 1.137953e+08, 1.089058e+08, 1.111805e+08, 1.167135e+08, 1.165504e+08
0.0122, 1.106814e+08, 1.147628e+08, 1.100365e+08, 1.162702e+08, 1.092129e+08, 1.139226e+08, 1.089977e+08, 1.112917e+08, 1.168607e+08, 1.166957e+08
0.0123, 1.107906e+08, 1.148915e+08, 1.101408e+08, 1.164114e+08, 1.092984e+08, 1.140499e+08, 1.090897e+08, 1.114028e+08, 1.170078e+08, 1.168409e+08
0.0124, 1.108998e+08, 1.150199e+08, 1.102451e+08, 1.165525e+08, 1.093839e+08, 1.141770e+08, 1.091817e+08, 1.115140e+08, 1.171547e+08, 1.169860e+08
0.0125, 1.110090e+08, 1.151483e+08, 1.103495e+08, 1.166934e+08, 1.094694e+08, 1.143040e+08, 1.092737e+08, 1.116251e+08, 1.173015e+08, 1.171309e+08
0.0126, 1.111183e+08, 1.152764e+08, 1.104539e+08, 1.168341e+08, 1.095550e+08, 1.144308e+08, 1.093657e+08, 1.117362e+08, 1.174481e+08, 1.172756e+08
0.0127, 1.112276e+08, 1.154044e+08, 1.105584e+08, 1.169747e+08, 1.096405e+08, 1.145576e+08, 1.094577e+08, 1.118474e+08, 1.175945e+08, 1.174202e+08
0.0128, 1.113370e+08, 1.155322e+08, 1.106629e+08, 1.171151e+08, 1.097260e+08, 1.146843e+08, 1.095498e+08, 1.119585e+08, 1.177408e+08, 1.175647e+08
0.0129, 1.114465e+08, 1.156599e+08, 1.107674e+08, 1.172554e+08, 1.098114e+08, 1.148108e+08, 1.096419e+08, 1.120696e+08, 1.178869e+08, 1.177090e+08
0.013, 1.115559e+08, 1.157874e+08, 1.108719e+08, 1.173955e+08, 1.098969e+08, 1.149373e+08, 1.097340e+08, 1.121807e+08, 1.180328e+08, 1.178531e+08
0.0131, 1.116655e+08, 1.159147e+08, 1.109765e+08, 1.175355e+08, 1.099824e+08, 1.150636e+08, 1.098262e+08, 1.122918e+08, 1.181786e+08, 1.179971e+08
0.0132, 1.117750e+08, 1.160419e+08, 1.110811e+08, 1.176753e+08, 1.100679e+08, 1.151898e+08, 1.099183e+08, 1.124029e+08, 1.183243e+08, 1.181409e+08
0.0133, 1.118846e+08, 1.161689e+08, 1.111858e+08, 1.178150e+08, 1.101533e+08, 1.153159e+08, 1.100105e+08, 1.125140e+08, 1.184697e+08, 1.182846e+08
0.0134, 1.119942e+08, 1.162957e+08, 1.112904e+08, 1.179545e+08, 1.102388e+08, 1.154419e+08, 1.101027e+08, 1.126250e+08, 1.186150e+08, 1.184281e+08
0.0135, 1.121039e+08, 1.164224e+08, 1.113951e+08, 1.180939e+08, 1.103242e+08, 1.155678e+08, 1.101949e+08, 1.127361e+08, 1.187602e+08, 1.185715e+08
0.0136, 1.122136e+08, 1.165490e+08, 1.114998e+08, 1.182331e+08, 1.104096e+08, 1.156936e+08, 1.102871e+08, 1.128471e+08, 1.189052e+08, 1.187148e+08
0.0137, 1.123234e+08, 1.166754e+08, 1.116046e+08, 1.183722e+08, 1.104951e+08, 1.158193e+08, 1.103793e+08, 1.129582e+08, 1.190500e+08, 1.188578e+08
0.0138, 1.124332e+08, 1.168016e+08, 1.117093e+08, 1.185111e+08, 1.105805e+08, 1.159449e+08, 1.104715e+08, 1.130692e+08, 1.191947e+08, 1.190008e+08
0.0139, 1.125430e+08, 1.169277e+08, 1.118141e+08, 1.186499e+08, 1.106659e+08, 1.160704e+08, 1.105638e+08, 1.131802e+08, 1.193392e+08, 1.191436e+08
0.014, 1.126528e+08, 1.170536e+08, 1.119189e+08, 1.187885e+08, 1.107513e+08, 1.161957e+08, 1.106560e+08, 1.132911e+08, 1.194836e+08, 1.192862e+08
0.0141, 1.127627e+08, 1.171794e+08, 1.120237e+08, 1.189270e+08, 1.108366e+08, 1.163210e+08, 1.107483e+08, 1.134021e+08, 1.196278e+08, 1.194287e+08
0.0142, 1.128726e+08, 1.173050e+08, 1.121285e+08, 1.190654e+08, 1.109220e+08, 1.164461e+08, 1.108406e+08, 1.135130e+08, 1.197719e+08, 1.195710e+08
0.0143, 1.129825e+08, 1.174305e+08, 1.122334e+08, 1.192036e+08, 1.110073e+08, 1.165712e+08, 1.109329e+08, 1.136240e+08, 1.199158e+08, 1.197132e+08
0.0144, 1.130925e+08, 1.175558e+08, 1.123382e+08, 1.193417e+08, 1.110927e+08, 1.166961e+08, 1.110252e+08, 1.137349e+08, 1.200595e+08, 1.198553e+08
0.0145, 1.132024e+08, 1.176810e+08, 1.124431e+08, 1.194796e+08, 1.111780e+08, 1.168209e+08, 1.111175e+08, 1.138458e+08, 1.202031e+08, 1.199972e+08
0.0146, 1.133124e+08, 1.178060e+08, 1.125480e+08, 1.196174e+08, 1.112633e+08, 1.169457e+08, 1.112098e+08, 1.139566e+08, 1.203466e+08, 1.201390e+08
0.0147, 1.134225e+08, 1.179309e+08, 1.126529e+08, 1.197550e+08, 1.113486e+08, 1.170703e+08, 1.113021e+08, 1.140675e+08, 1.204899e+08, 1.202806e+08
0.0148, 1.135325e+08, 1.180556e+08, 1.127578e+08, 1.198925e+08, 1.114339e+08, 1.171948e+08, 1.113944e+08, 1.141783e+08, 1.206330e+08, 1.204220e+08
0.0149, 1.136426e+08, 1.181802e+08, 1.128628e+08, 1.200299e+08, 1.115192e+08, 1.173192e+08, 1.114867e+08, 1.142891e+08, 1.207760e+08, 1.205634e+08
0.015, 1.137527e+08, 1.183046e+08, 1.129677e+08, 1.201671e+08, 1.116045e+08, 1.174436e+08, 1.115791e+08, 1.143999e+08, 1.209189e+08, 1.207046e+08
0.0151, 1.138628e+08, 1.184289e+08, 1.130727e+08, 1.203042e+08, 1.116897e+08, 1.175678e+08, 1.116714e+08, 1.145106e+08, 1.210616e+08, 1.208456e+08
0.0152, 1.139729e+08, 1.185531e+08, 1.131776e+08, 1.204412e+08, 1.117750e+08, 1.176919e+08, 1.117637e+08, 1.146213e+08, 1.212041e+08, 1.209865e+08
0.0153, 1.140830e+08, 1.186771e+08, 1.132826e+08, 1.205780e+08, 1.118602e+08, 1.178159e+08, 1.118561e+08, 1.147320e+08, 1.213465e+08, 1.211272e+08
0.0154, 1.141932e+08, 1.188010e+08, 1.133876e+08, 1.207147e+08, 1.119454e+08, 1.179398e+08, 1.119484e+08, 1.148427e+08, 1.214887e+08, 1.212678e+08
0.0155, 1.143033e+08, 1.189247e+08, 1.134926e+08, 1.208512e+08, 1.120306e+08, 1.180636e+08, 1.120407e+08, 1.149534e+08, 1.216308e+08, 1.214083e+08
0.0156, 1.144135e+08, 1.190483e+08, 1.135975e+08, 1.209876e+08, 1.121158e+08, 1.181873e+08, 1.121331e+08, 1.150640e+08, 1.217728e+08, 1.215486e+08
0.0157, 1.145237e+08, 1.191717e+08, 1.137025e+08, 1.211239e+08, 1.122010e+08, 1.183109e+08, 1.122254e+08, 1.151746e+08, 1.219146e+08, 1.216888e+08
0.0158, 1.146339e+08, 1.192951e+08, 1.138075e+08, 1.212601e+08, 1.122861e+08, 1.184344e+08, 1.123177e+08, 1.152852e+08, 1.220562e+08, 1.218289e+08
0.0159, 1.147441e+08, 1.194182e+08, 1.139125e+08, 1.213961e+08, 1.123713e+08, 1.185578e+08, 1.124101e+08, 1.153957e+08, 1.221977e+08, 1.219688e+08
0.016, 1.148543e+08, 1.195413e+08, 1.140175e+08, 1.215319e+08, 1.124564e+08, 1.186811e+08, 1.125024e+08, 1.155062e+08, 1.223391e+08, 1.221085e+08
0.0161, 1.149646e+08, 1.196642e+08, 1.141225e+08, 1.216677e+08, 1.125415e+08, 1.188043e+08, 1.125947e+08, 1.156167e+08, 1.224803e+08, 1.222481e+08
0.0162, 1.150748e+08, 1.197869e+08, 1.142276e+08, 1.218033e+08, 1.126266e+08, 1.189274e+08, 1.126871e+08, 1.157271e+08, 1.226213e+08, 1.223876e+08
0.0163, 1.151851e+08, 1.199095e+08, 1.143326e+08, 1.219388e+08, 1.127116e+08, 1.190504e+08, 1.127794e+08, 1.158376e+08, 1.227623e+08, 1.225270e+08
0.0164, 1.152953e+08, 1.200320e+08, 1.144376e+08, 1.220741e+08, 1.127967e+08, 1.191733e+08, 1.128717e+08, 1.159479e+08, 1.229030e+08, 1.226662e+08
0.0165, 1.154056e+08, 1.201544e+08, 1.145426e+08, 1.222094e+08, 1.128817e+08, 1.192961e+08, 1.129640e+08, 1.160583e+08, 1.230436e+08, 1.228052e+08
0.0166, 1.155158e+08, 1.202766e+08, 1.146476e+08, 1.223444e+08, 1.129668e+08, 1.194188e+08, 1.130563e+08, 1.161686e+08, 1.231841e+08, 1.229441e+08
0.0167, 1.156261e+08, 1.203987e+08, 1.147526e+08, 1.224794e+08, 1.130518e+08, 1.195414e+08, 1.131486e+08, 1.162789e+08, 1.233245e+08, 1.230829e+08
0.0168, 1.157364e+08, 1.205206e+08, 1.148576e+08, 1.226142e+08, 1.131367e+08, 1.196639e+08, 1.132409e+08, 1.163892e+08, 1.234647e+08, 1.232216e+08
0.0169, 1.158466e+08, 1.206425e+08, 1.149626e+08, 1.227489e+08, 1.132217e+08, 1.197863e+08, 1.133332e+08, 1.164994e+08, 1.236047e+08, 1.233601e+08
0.017, 1.159569e+08, 1.207642e+08, 1.150676e+08, 1.228835e+08, 1.133067e+08, 1.199086e+08, 1.134255e+08, 1.166096e+08, 1.237446e+08, 1.234985e+08
0.0171, 1.160672e+08, 1.208857e+08, 1.151726e+08, 1.230180e+08, 1.133916e+08, 1.200308e+08, 1.135177e+08, 1.167197e+08, 1.238844e+08, 1.236367e+08
0.0172, 1.161774e+08, 1.210071e+08, 1.152775e+08, 1.231523e+08, 1.134765e+08, 1.201530e+08, 1.136100e+08, 1.168299e+08, 1.240240e+08, 1.237748e+08
0.0173, 1.162877e+08, 1.211284e+08, 1.153825e+08, 1.232865e+08, 1.135614e+08, 1.202750e+08, 1.137022e+08, 1.169399e+08, 1.241635e+08, 1.239128e+08
0.0174, 1.163980e+08, 1.212496e+08, 1.154875e+08, 1.234206e+08, 1.136463e+08, 1.203969e+08, 1.137945e+08, 1.170500e+08, 1.243028e+08, 1.240506e+08
0.0175, 1.165082e+08, 1.213707e+08, 1.155925e+08, 1.235545e+08, 1.137312e+08, 1.205187e+08, 1.138867e+08, 1.171600e+08, 1.244420e+08, 1.241883e+08
0.0176, 1.166185e+08, 1.214916e+08, 1.156974e+08, 1.236883e+08, 1.138160e+08, 1.206405e+08, 1.139789e+08, 1.172700e+08, 1.245811e+08, 1.243259e+08
0.0177, 1.167287e+08, 1.216124e+08, 1.158024e+08, 1.238220e+08, 1.139008e+08, 1.207621e+08, 1.140711e+08, 1.173799e+08, 1.247200e+08, 1.244633e+08
0.0178, 1.168390e+08, 1.217330e+08, 1.159073e+08, 1.239556e+08, 1.139856e+08, 1.208836e+08, 1.141633e+08, 1.174898e+08, 1.248588e+08, 1.246006e+08
0.0179, 1.169492e+08, 1.218535e+08, 1.160122e+08, 1.240890e+08, 1.140704e+08, 1.210051e+08, 1.142555e+08, 1.175997e+08, 1.249974e+08, 1.247377e+08
0.018, 1.170594e+08, 1.219739e+08, 1.161171e+08, 1.242223e+08, 1.141552e+08, 1.211264e+08, 1.143477e+08, 1.177095e+08, 1.251359e+08, 1.248747e+08
0.0181, 1.171697e+08, 1.220942e+08, 1.162220e+08, 1.243555e+08, 1.142399e+08, 1.212476e+08, 1.144399e+08, 1.178192e+08, 1.252742e+08, 1.250116e+08
0.0182, 1.172799e+08, 1.222144e+08, 1.163269e+08, 1.244886e+08, 1.143247e+08, 1.213688e+08, 1.145320e+08, 1.179290e+08, 1.254125e+08, 1.251484e+08
0.0183, 1.173901e+08, 1.223344e+08, 1.164318e+08, 1.246215e+08, 1.144094e+08, 1.214899e+08, 1.146241e+08, 1.180387e+08, 1.255505e+08, 1.252850e+08
0.0184, 1.175003e+08, 1.224543e+08, 1.165367e+08, 1.247544e+08, 1.144941e+08, 1.216108e+08, 1.147163e+08, 1.181483e+08, 1.256885e+08, 1.254215e+08
0.0185, 1.176105e+08, 1.225741e+08, 1.166416e+08, 1.248871e+08, 1.145787e+08, 1.217317e+08, 1.148084e+08, 1.182580e+08, 1.258263e+08, 1.255579e+08
0.0186, 1.177207e+08, 1.226938e+08, 1.167464e+08, 1.250197e+08, 1.146634e+08, 1.218525e+08, 1.149005e+08, 1.183675e+08, 1.259640e+08, 1.256941e+08
0.0187, 1.178308e+08, 1.228133e+08, 1.168512e+08, 1.251521e+08, 1.147480e+08, 1.219731e+08, 1.149925e+08, 1.184771e+08, 1.261015e+08, 1.258302e+08
0.0188, 1.179410e+08, 1.229327e+08, 1.169560e+08, 1.252845e+08, 1.148326e+08, 1.220937e+08, 1.150846e+08, 1.185866e+08, 1.262389e+08, 1.259661e+08
0.0189, 1.180511e+08, 1.230520e+08, 1.170608e+08, 1.254167e+08, 1.149172e+08, 1.222142e+08, 1.151766e+08, 1.186960e+08, 1.263761e+08, 1.261020e+08
0.019, 1.181612e+08, 1.231712e+08, 1.171656e+08, 1.255488e+08, 1.150017e+08, 1.223346e+08, 1.152687e+08, 1.188054e+08, 1.265133e+08, 1.262377e+08
0.0191, 1.182714e+08, 1.232902e+08, 1.172704e+08, 1.256808e+08, 1.150863e+08, 1.224549e+08, 1.153607e+08, 1.189148e+08, 1.266502e+08, 1.263732e+08
0.0192, 1.183815e+08, 1.234092e+08, 1.173752e+08, 1.258126e+08, 1.151708e+08, 1.225751e+08, 1.154527e+08, 1.190241e+08, 1.267871e+08, 1.265087e+08
0.0193, 1.184915e+08, 1.235280e+08, 1.174799e+08, 1.259444e+08, 1.152553e+08, 1.226952e+08, 1.155447e+08, 1.191333e+08, 1.269238e+08, 1.266440e+08
0.0194, 1.186016e+08, 1.236467e+08, 1.175846e+08, 1.260760e+08, 1.153398e+08, 1.228153e+08, 1.156366e+08, 1.192426e+08, 1.270604e+08, 1.267792e+08
0.0195, 1.187117e+08, 1.237653e+08, 1.176893e+08, 1.262075e+08, 1.154242e+08, 1.229352e+08, 1.157286e+08, 1.193518e+08, 1.271968e+08, 1.269142e+08
0.0196, 1.188217e+08, 1.238837e+08, 1.177940e+08, 1.263389e+08, 1.155086e+08, 1.230550e+08, 1.158205e+08, 1.194609e+08, 1.273331e+08, 1.270492e+08
0.0197, 1.189317e+08, 1.240020e+08, 1.178987e+08, 1.264702e+08, 1.155931e+08, 1.231748e+08, 1.159124e+08, 1.195700e+08, 1.274693e+08, 1.271840e+08
0.0198, 1.190417e+08, 1.241203e+08, 1.180033e+08, 1.266013e+08, 1.156774e+08, 1.232945e+08, 1.160043e+08, 1.196790e+08, 1.276054e+08, 1.273186e+08
0.0199, 1.191517e+08, 1.242384e+08, 1.181079e+08, 1.267324e+08, 1.157618e+08, 1.234140e+08, 1.160962e+08, 1.197880e+08, 1.277413e+08, 1.274532e+08
0.02, 1.192616e+08, 1.243564e+08, 1.182125e+08, 1.268633e+08, 1.158461e+08, 1.235335e+08, 1.161880e+08, 1.198970e+08, 1.278770e+08, 1.275876e+08
0.0201, 1.193716e+08, 1.244742e+08, 1.183171e+08, 1.269941e+08, 1.159305e+08, 1.236529e+08, 1.162799e+08, 1.200059e+08, 1.280127e+08, 1.277219e+08
0.0202, 1.194815e+08, 1.245920e+08, 1.184217e+08, 1.271248e+08, 1.160148e+08, 1.237722e+08, 1.163717e+08, 1.201147e+08, 1.281482e+08, 1.278560e+08
0.0203, 1.195914e+08, 1.247096e+08, 1.185262e+08, 1.272554e+08, 1.160990e+08, 1.238914e+08, 1.164635e+08, 1.202235e+08, 1.282836e+08, 1.279900e+08
0.0204, 1.197012e+08, 1.248272e+08, 1.186307e+08, 1.273858e+08, 1.161833e+08, 1.240105e+08, 1.165552e+08, 1.203323e+08, 1.284188e+08, 1.281239e+08
0.0205, 1.198111e+08, 1.249446e+08, 1.187352e+08, 1.275162e+08, 1.162675e+08, 1.241295e+08, 1.166470e+08, 1.204410e+08, 1.285539e+08, 1.282577e+08
0.0206, 1.199209e+08, 1.250619e+08, 1.188397e+08, 1.276464e+08, 1.163517e+08, 1.242484e+08, 1.167387e+08, 1.205497e+08, 1.286889e+08, 1.283914e+08
0.0207, 1.200307e+08, 1.251790e+08, 1.189441e+08, 1.277765e+08, 1.164359e+08, 1.243672e+08, 1.168304e+08, 1.206583e+08, 1.288238e+08, 1.285249e+08
0.0208, 1.201405e+08, 1.252961e+08, 1.190486e+08, 1.279065e+08, 1.165200e+08, 1.244860e+08, 1.169221e+08, 1.207668e+08, 1.289585e+08, 1.286583e+08
0.0209, 1.202503e+08, 1.254131e+08, 1.191530e+08, 1.280364e+08, 1.166042e+08, 1.246046e+08, 1.170138e+08, 1.208754e+08, 1.290931e+08, 1.287916e+08
0.021, 1.203600e+08, 1.255299e+08, 1.192573e+08, 1.281662e+08, 1.166883e+08, 1.247232e+08, 1.171054e+08, 1.209838e+08, 1.292276e+08, 1.289247e+08
0.0211, 1.204697e+08, 1.256466e+08, 1.193617e+08, 1.282959e+08, 1.167724e+08, 1.248417e+08, 1.171970e+08, 1.210922e+08, 1.293619e+08, 1.290577e+08
0.0212, 1.205794e+08, 1.257633e+08, 1.194660e+08, 1.284254e+08, 1.168564e+08, 1.249601e+08, 1.172886e+08, 1.212006e+08, 1.294961e+08, 1.291906e+08
0.0213, 1.206890e+08, 1.258798e+08, 1.195703e+08, 1.285549e+08, 1.169404e+08, 1.250784e+08, 1.173802e+08, 1.213089e+08, 1.296302e+08, 1.293234e+08
0.0214, 1.207987e+08, 1.259962e+08, 1.196746e+08, 1.286842e+08, 1.170245e+08, 1.251966e+08, 1.174717e+08, 1.214172e+08, 1.297641e+08, 1.294561e+08
0.0215, 1.209083e+08, 1.261125e+08, 1.197788e+08, 1.288134e+08, 1.171084e+08, 1.253147e+08, 1.175632e+08, 1.215254e+08, 1.298979e+08, 1.295886e+08
0.0216, 1.210178e+08, 1.262286e+08, 1.198830e+08, 1.289425e+08, 1.171924e+08, 1.254327e+08, 1.176547e+08, 1.216335e+08, 1.300316e+08, 1.297210e+08
0.0217, 1.211274e+08, 1.263447e+08, 1.199872e+08, 1.290715e+08, 1.172763e+08, 1.255506e+08, 1.177462e+08, 1.217417e+08, 1.301652e+08, 1.298533e+08
0.0218, 1.212369e+08, 1.264607e+08, 1.200914e+08, 1.292004e+08, 1.173602e+08, 1.256685e+08, 1.178377e+08, 1.218497e+08, 1.302986e+08, 1.299854e+08
0.0219, 1.213464e+08, 1.265765e+08, 1.201955e+08, 1.293291e+08, 1.174441e+08, 1.257862e+08, 1.179291e+08, 1.219577e+08, 1.304319e+08, 1.301175e+08
0.022, 1.214558e+08, 1.266922e+08, 1.202996e+08, 1.294578e+08, 1.175280e+08, 1.259039e+08, 1.180205e+08, 1.220657e+08, 1.305651e+08, 1.302494e+08
0.0221, 1.215653e+08, 1.268079e+08, 1.204037e+08, 1.295863e+08, 1.176118e+08, 1.260215e+08, 1.181119e+08, 1.221736e+08, 1.306982e+08, 1.303812e+08
0.0222, 1.216747e+08, 1.269234e+08, 1.205078e+08, 1.297148e+08, 1.176956e+08, 1.261390e+08, 1.182032e+08, 1.222814e+08, 1.308311e+08, 1.305128e+08
0.0223, 1.217840e+08, 1.270388e+08, 1.206118e+08, 1.298431e+08, 1.177794e+08, 1.262564e+08, 1.182945e+08, 1.223892e+08, 1.309639e+08, 1.306444e+08
0.0224, 1.218934e+08, 1.271541e+08, 1.207158e+08, 1.299713e+08, 1.178632e+08, 1.263737e+08, 1.183858e+08, 1.224969e+08, 1.310966e+08, 1.307758e+08
0.0225, 1.220027e+08, 1.272693e+08, 1.208197e+08, 1.300994e+08, 1.179469e+08, 1.264909e+08, 1.184771e+08, 1.226046e+08, 1.312291e+08, 1.309071e+08
0.0226, 1.221119e+08, 1.273844e+08, 1.209237e+08, 1.302274e+08, 1.180306e+08, 1.266081e+08, 1.185683e+08, 1.227122e+08, 1.313616e+08, 1.310383e+08
0.0227, 1.222212e+08, 1.274994e+08, 1.210276e+08, 1.303553e+08, 1.181143e+08, 1.267251e+08, 1.186595e+08, 1.228198e+08, 1.314939e+08, 1.311694e+08
0.0228, 1.223304e+08, 1.276143e+08, 1.211314e+08, 1.304831e+08, 1.181979e+08, 1.268421e+08, 1.187507e+08, 1.229273e+08, 1.316260e+08, 1.313003e+08
0.0229, 1.224395e+08, 1.277290e+08, 1.212353e+08, 1.306108e+08, 1.182815e+08, 1.269590e+08, 1.188419e+08, 1.230348e+08, 1.317581e+08, 1.314311e+08
0.023, 1.225487e+08, 1.278437e+08, 1.213391e+08, 1.307383e+08, 1.183651e+08, 1.270758e+08, 1.189330e+08, 1.231422e+08, 1.318900e+08, 1.315618e+08
0.0231, 1.226578e+08, 1.279583e+08, 1.214428e+08, 1.308658e+08, 1.184487e+08, 1.271925e+08, 1.190241e+08, 1.232495e+08, 1.320218e+08, 1.316924e+08
0.0232, 1.227668e+08, 1.280727e+08, 1.215466e+08, 1.309932e+08, 1.185323e+08, 1.273091e+08, 1.191152e+08, 1.233568e+08, 1.321535e+08, 1.318229e+08
0.0233, 1.228759e+08, 1.281871e+08, 1.216503e+08, 1.311204e+08, 1.186158e+08, 1.274256e+08, 1.192062e+08, 1.234641e+08, 1.322851e+08, 1.319532e+08
0.0234, 1.229849e+08, 1.283013e+08, 1.217539e+08, 1.312475e+08, 1.186993e+08, 1.275420e+08, 1.192972e+08, 1.235712e+08, 1.324165e+08, 1.320834e+08
0.0235, 1.230938e+08, 1.284155e+08, 1.218576e+08, 1.313746e+08, 1.187827e+08, 1.276584e+08, 1.193882e+08, 1.236784e+08, 1.325478e+08, 1.322135e+08
0.0236, 1.232028e+08, 1.285295e+08, 1.219612e+08, 1.315015e+08, 1.188662e+08, 1.277747e+08, 1.194792e+08, 1.237854e+08, 1.326790e+08, 1.323435e+08
0.0237, 1.233117e+08, 1.286434e+08, 1.220648e+08, 1.316283e+08, 1.189496e+08, 1.278908e+08, 1.195701e+08, 1.238925e+08, 1.328100e+08, 1.324734e+08
0.0238, 1.234205e+08, 1.287573e+08, 1.221683e+08, 1.317550e+08, 1.190329e+08, 1.280069e+08, 1.196610e+08, 1.239994e+08, 1.329410e+08, 1.326031e+08
0.0239, 1.235293e+08, 1.288710e+08, 1.222718e+08, 1.318816e+08, 1.191163e+08, 1.281229e+08, 1.197519e+08, 1.241063e+08, 1.330718e+08, 1.327328e+08
0.024, 1.236381e+08, 1.289846e+08, 1.223753e+08, 1.320081e+08, 1.191996e+08, 1.282389e+08, 1.198427e+08, 1.242132e+08, 1.332025e+08, 1.328623e+08
0.0241, 1.237468e+08, 1.290981e+08, 1.224787e+08, 1.321345e+08, 1.192829e+08, 1.283547e+08, 1.199335e+08, 1.243199e+08, 1.333331e+08, 1.329917e+08
0.0242, 1.238555e+08, 1.292116e+08, 1.225821e+08, 1.322608e+08, 1.193662e+08, 1.284704e+08, 1.200243e+08, 1.244267e+08, 1.334635e+08, 1.331210e+08
0.0243, 1.239642e+08, 1.293249e+08, 1.226854e+08, 1.323870e+08, 1.194494e+08, 1.285861e+08, 1.201151e+08, 1.245333e+08, 1.335939e+08, 1.332501e+08
0.0244, 1.240728e+08, 1.294381e+08, 1.227888e+08, 1.325131e+08, 1.195327e+08, 1.287017e+08, 1.202058e+08, 1.246399e+08, 1.337241e+08, 1.333792e+08
0.0245, 1.241814e+08, 1.295512e+08, 1.228920e+08, 1.326391e+08, 1.196158e+08, 1.288172e+08, 1.202965e+08, 1.247465e+08, 1.338542e+08, 1.335081e+08
0.0246, 1.242900e+08, 1.296642e+08, 1.229953e+08, 1.327649e+08, 1.196990e+08, 1.289326e+08, 1.203871e+08, 1.248530e+08, 1.339842e+08, 1.336369e+08
0.0247, 1.243985e+08, 1.297771e+08, 1.230985e+08, 1.328907e+08, 1.197821e+08, 1.290479e+08, 1.204777e+08, 1.249594e+08, 1.341140e+08, 1.337656e+08
0.0248, 1.245069e+08, 1.298899e+08, 1.232017e+08, 1.330164e+08, 1.198652e+08, 1.291631e+08, 1.205683e+08, 1.250658e+08, 1.342437e+08, 1.338942e+08
0.0249, 1.246154e+08, 1.300027e+08, 1.233048e+08, 1.331419e+08, 1.199483e+08, 1.292783e+08, 1.206589e+08, 1.251721e+08, 1.343734e+08, 1.340226e+08
0.025, 1.247238e+08, 1.301153e+08, 1.234079e+08, 1.332674e+08, 1.200313e+08, 1.293933e+08, 1.207494e+08, 1.252784e+08, 1.345029e+08, 1.341510e+08
0.0251, 1.248321e+08, 1.302278e+08, 1.235110e+08, 1.333927e+08, 1.201144e+08, 1.295083e+08, 1.208399e+08, 1.253846e+08, 1.346322e+08, 1.342792e+08
0.0252, 1.249404e+08, 1.303402e+08, 1.236140e+08, 1.335180e+08, 1.201973e+08, 1.296232e+08, 1.209304e+08, 1.254907e+08, 1.347615e+08, 1.344073e+08
0.0253, 1.250487e+08, 1.304525e+08, 1.237170e+08, 1.336431e+08, 1.202803e+08, 1.297380e+08, 1.210208e+08, 1.255968e+08, 1.348906e+08, 1.345353e+08
0.0254, 1.251569e+08, 1.305647e+08, 1.238199e+08, 1.337682e+08, 1.203632e+08, 1.298527e+08, 1.211112e+08, 1.257028e+08, 1.350197e+08, 1.346632e+08
0.0255, 1.252651e+08, 1.306768e+08, 1.239228e+08, 1.338931e+08, 1.204461e+08, 1.299674e+08, 1.212015e+08, 1.258088e+08, 1.351486e+08, 1.347910e+08
0.0256, 1.253732e+08, 1.307889e+08, 1.240257e+08, 1.340180e+08, 1.205290e+08, 1.300819e+08, 1.212919e+08, 1.259147e+08, 1.352773e+08, 1.349187e+08
0.0257, 1.254813e+08, 1.309008e+08, 1.241285e+08, 1.341427e+08, 1.206118e+08, 1.301964e+08, 1.213822e+08, 1.260205e+08, 1.354060e+08, 1.350462e+08
0.0258, 1.255893e+08, 1.310126e+08, 1.242313e+08, 1.342674e+08, 1.206946e+08, 1.303108e+08, 1.214724e+08, 1.261263e+08, 1.355346e+08, 1.351736e+08
0.0259, 1.256973e+08, 1.311243e+08, 1.243340e+08, 1.343919e+08, 1.207774e+08, 1.304251e+08, 1.215627e+08, 1.262320e+08, 1.356630e+08, 1.353010e+08
0.026, 1.258053e+08, 1.312360e+08, 1.244367e+08, 1.345163e+08, 1.208602e+08, 1.305393e+08, 1.216528e+08, 1.263377e+08, 1.357913e+08, 1.354282e+08
0.0261, 1.259132e+08, 1.313475e+08, 1.245394e+08, 1.346407e+08, 1.209429e+08, 1.306534e+08, 1.217430e+08, 1.264433e+08, 1.359195e+08, 1.355552e+08
0.0262, 1.260211e+08, 1.314589e+08, 1.246420e+08, 1.347649e+08, 1.210256e+08, 1.307675e+08, 1.218331e+08, 1.265488e+08, 1.360476e+08, 1.356822e+08
0.0263, 1.261289e+08, 1.315702e+08, 1.247446e+08, 1.348890e+08, 1.211083e+08, 1.308814e+08, 1.219232e+08, 1.266543e+08, 1.361756e+08, 1.358091e+08
0.0264, 1.262367e+08, 1.316815e+08, 1.248471e+08, 1.350131e+08, 1.211909e+08, 1.309953e+08, 1.220133e+08, 1.267597e+08, 1.363034e+08, 1.359358e+08
0.0265, 1.263444e+08, 1.317926e+08, 1.249496e+08, 1.351370e+08, 1.212735e+08, 1.311091e+08, 1.221033e+08, 1.268650e+08, 1.364312e+08, 1.360625e+08
0.0266, 1.264521e+08, 1.319037e+08, 1.250521e+08, 1.352608e+08, 1.213561e+08, 1.312228e+08, 1.221933e+08, 1.269703e+08, 1.365588e+08, 1.361890e+08
0.0267, 1.265598e+08, 1.320146e+08, 1.251545e+08, 1.353845e+08, 1.214386e+08, 1.313364e+08, 1.222832e+08, 1.270755e+08, 1.366863e+08, 1.363154e+08
0.0268, 1.266674e+08, 1.321255e+08, 1.252569e+08, 1.355082e+08, 1.215211e+08, 1.314500e+08, 1.223731e+08, 1.271807e+08, 1.368137e+08, 1.364417e+08
0.0269, 1.267750e+08, 1.322362e+08, 1.253592e+08, 1.356317e+08, 1.216036e+08, 1.315634e+08, 1.224630e+08, 1.272858e+08, 1.369410e+08, 1.365679e+08
0.027, 1.268825e+08, 1.323469e+08, 1.254615e+08, 1.357551e+08, 1.216860e+08, 1.316768e+08, 1.225529e+08, 1.273908e+08, 1.370681e+08, 1.366940e+08
0.0271, 1.269899e+08, 1.324575e+08, 1.255637e+08, 1.358785e+08, 1.217685e+08, 1.317901e+08, 1.226427e+08, 1.274958e+08, 1.371952e+08, 1.368199e+08
0.0272, 1.270973e+08, 1.325679e+08, 1.256659e+08, 1.360017e+08, 1.218509e+08, 1.319033e+08, 1.227324e+08, 1.276007e+08, 1.373221e+08, 1.369458e+08
0.0273, 1.272047e+08, 1.326783e+08, 1.257681e+08, 1.361248e+08, 1.219332e+08, 1.320164e+08, 1.228222e+08, 1.277056e+08, 1.374489e+08, 1.370715e+08
0.0274, 1.273120e+08, 1.327886e+08, 1.258702e+08, 1.362479e+08, 1.220155e+08, 1.321294e+08, 1.229119e+08, 1.278104e+08, 1.375756e+08, 1.371972e+08
0.0275, 1.274193e+08, 1.328988e+08, 1.259723e+08, 1.363708e+08, 1.220978e+08, 1.322424e+08, 1.230015e+08, 1.279151e+08, 1.377022e+08, 1.373227e+08
0.0276, 1.275265e+08, 1.330089e+08, 1.260743e+08, 1.364937e+08, 1.221801e+08, 1.323553e+08, 1.230911e+08, 1.280198e+08, 1.378287e+08, 1.374481e+08
0.0277, 1.276337e+08, 1.331189e+08, 1.261763e+08, 1.366164e+08, 1.222623e+08, 1.324681e+08, 1.231807e+08, 1.281244e+08, 1.379551e+08, 1.375734e+08
0.0278, 1.277409e+08, 1.332288e+08, 1.262782e+08, 1.367390e+08, 1.223445e+08, 1.325808e+08, 1.232703e+08, 1.282289e+08, 1.380813e+08, 1.376986e+08
0.0279, 1.278479e+08, 1.333386e+08, 1.263801e+08, 1.368616e+08, 1.224267e+08, 1.326934e+08, 1.233598e+08, 1.283334e+08, 1.382075e+08, 1.378237e+08
0.028, 1.279550e+08, 1.334483e+08, 1.264820e+08, 1.369840e+08, 1.225089e+08, 1.328059e+08, 1.234493e+08, 1.284378e+08, 1.383335e+08, 1.379487e+08
0.0281, 1.280620e+08, 1.335579e+08, 1.265838e+08, 1.371064e+08, 1.225910e+08, 1.329184e+08, 1.235387e+08, 1.285421e+08, 1.384594e+08, 1.380735e+08
0.0282, 1.281689e+08, 1.336675e+08, 1.266855e+08, 1.372286e+08, 1.226730e+08, 1.330308e+08, 1.236281e+08, 1.286464e+08, 1.385852e+08, 1.381983e+08
0.0283, 1.282758e+08, 1.337769e+08, 1.267872e+08, 1.373508e+08, 1.227551e+08, 1.331430e+08, 1.237175e+08, 1.287506e+08, 1.387109e+08, 1.383229e+08
0.0284, 1.283826e+08, 1.338863e+08, 1.268889e+08, 1.374729e+08, 1.228371e+08, 1.332553e+08, 1.238068e+08, 1.288548e+08, 1.388365e+08, 1.384475e+08
0.0285, 1.284894e+08, 1.339955e+08, 1.269905e+08, 1.375948e+08, 1.229191e+08, 1.333674e+08, 1.238961e+08, 1.289589e+08, 1.389620e+08, 1.385719e+08
0.0286, 1.285962e+08, 1.341047e+08, 1.270921e+08, 1.377167e+08, 1.230010e+08, 1.334794e+08, 1.239853e+08, 1.290629e+08, 1.390873e+08, 1.386962e+08
0.0287, 1.287028e+08, 1.342137e+08, 1.271936e+08, 1.378384e+08, 1.230830e+08, 1.335914e+08, 1.240745e+08, 1.291669e+08, 1.392126e+08, 1.388204e+08
0.0288, 1.288095e+08, 1.343227e+08, 1.272951e+08, 1.379601e+08, 1.231648e+08, 1.337033e+08, 1.241637e+08, 1.292708e+08, 1.393377e+08, 1.389445e+08
0.0289, 1.289161e+08, 1.344316e+08, 1.273965e+08, 1.380817e+08, 1.232467e+08, 1.338151e+08, 1.242528e+08, 1.293746e+08, 1.394627e+08, 1.390685e+08
0.029, 1.290226e+08, 1.345404e+08, 1.274979e+08, 1.382032e+08, 1.233285e+08, 1.339268e+08, 1.243419e+08, 1.294784e+08, 1.395877e+08, 1.391924e+08
0.0291, 1.291291e+08, 1.346491e+08, 1.275993e+08, 1.383246e+08, 1.234103e+08, 1.340384e+08, 1.244310e+08, 1.295821e+08, 1.397125e+08, 1.393162e+08
0.0292, 1.292355e+08, 1.347577e+08, 1.277006e+08, 1.384458e+08, 1.234921e+08, 1.341500e+08, 1.245200e+08, 1.296857e+08, 1.398372e+08, 1.394398e+08
0.0293, 1.293419e+08, 1.348663e+08, 1.278018e+08, 1.385670e+08, 1.235738e+08, 1.342614e+08, 1.246090e+08, 1.297893e+08, 1.399618e+08, 1.395634e+08
0.0294, 1.294483e+08, 1.349747e+08, 1.279030e+08, 1.386881e+08, 1.236555e+08, 1.343728e+08, 1.246979e+08, 1.298928e+08, 1.400862e+08, 1.396868e+08
0.0295, 1.295545e+08, 1.350830e+08, 1.280042e+08, 1.388091e+08, 1.237372e+08, 1.344841e+08, 1.247868e+08, 1.299962e+08, 1.402106e+08, 1.398102e+08
0.0296, 1.296608e+08, 1.351913e+08, 1.281053e+08, 1.389300e+08, 1.238188e+08, 1.345953e+08, 1.248757e+08, 1.300996e+08, 1.403349e+08, 1.399334e+08
0.0297, 1.297670e+08, 1.352994e+08, 1.282063e+08, 1.390508e+08, 1.239004e+08, 1.347065e+08, 1.249645e+08, 1.302029e+08, 1.404590e+08, 1.400566e+08
0.0298, 1.298731e+08, 1.354075e+08, 1.283073e+08, 1.391716e+08, 1.239819e+08, 1.348175e+08, 1.250533e+08, 1.303062e+08, 1.405831e+08, 1.401796e+08
0.0299, 1.299792e+08, 1.355155e+08, 1.284083e+08, 1.392922e+08, 1.240635e+08, 1.349285e+08, 1.251420e+08, 1.304094e+08, 1.407070e+08, 1.403025e+08
0.03, 1.300852e+08, 1.356234e+08, 1.285092e+08, 1.394127e+08, 1.241450e+08, 1.350394e+08, 1.252307e+08, 1.305125e+08, 1.408308e+08, 1.404253e+08
0.0301, 1.301912e+08, 1.357312e+08, 1.286101e+08, 1.395331e+08, 1.242264e+08, 1.351502e+08, 1.253194e+08, 1.306155e+08, 1.409545e+08, 1.405480e+08
0.0302, 1.302971e+08, 1.358389e+08, 1.287109e+08, 1.396535e+08, 1.243079e+08, 1.352609e+08, 1.254080e+08, 1.307185e+08, 1.410781e+08, 1.406706e+08
0.0303, 1.304029e+08, 1.359465e+08, 1.288117e+08, 1.397737e+08, 1.243893e+08, 1.353716e+08, 1.254965e+08, 1.308215e+08, 1.412016e+08, 1.407931e+08
0.0304, 1.305087e+08, 1.360541e+08, 1.289124e+08, 1.398939e+08, 1.244706e+08, 1.354822e+08, 1.255851e+08, 1.309243e+08, 1.413250e+08, 1.409155e+08
0.0305, 1.306145e+08, 1.361615e+08, 1.290130e+08, 1.400139e+08, 1.245520e+08, 1.355926e+08, 1.256736e+08, 1.310271e+08, 1.414483e+08, 1.410378e+08
0.0306, 1.307202e+08, 1.362689e+08, 1.291137e+08, 1.401339e+08, 1.246333e+08, 1.357031e+08, 1.257620e+08, 1.311298e+08, 1.415715e+08, 1.411600e+08
0.0307, 1.308259e+08, 1.363762e+08, 1.292142e+08, 1.402538e+08, 1.247145e+08, 1.358134e+08, 1.258504e+08, 1.312325e+08, 1.416946e+08, 1.412820e+08
0.0308, 1.309315e+08, 1.364833e+08, 1.293148e+08, 1.403735e+08, 1.247958e+08, 1.359236e+08, 1.259388e+08, 1.313351e+08, 1.418175e+08, 1.414040e+08
0.0309, 1.310370e+08, 1.365904e+08, 1.294152e+08, 1.404932e+08, 1.248770e+08, 1.360338e+08, 1.260271e+08, 1.314376e+08, 1.419404e+08, 1.415259e+08
0.031, 1.311425e+08, 1.366974e+08, 1.295156e+08, 1.406128e+08, 1.249581e+08, 1.361439e+08, 1.261154e+08, 1.315401e+08, 1.420632e+08, 1.416476e+08
0.0311, 1.312479e+08, 1.368044e+08, 1.296160e+08, 1.407323e+08, 1.250393e+08, 1.362539e+08, 1.262037e+08, 1.316425e+08, 1.421858e+08, 1.417693e+08
0.0312, 1.313533e+08, 1.369112e+08, 1.297163e+08, 1.408517e+08, 1.251204e+08, 1.363638e+08, 1.262919e+08, 1.317448e+08, 1.423083e+08, 1.418908e+08
0.0313, 1.314586e+08, 1.370179e+08, 1.298166e+08, 1.409710e+08, 1.252014e+08, 1.364736e+08, 1.263801e+08, 1.318471e+08, 1.424308e+08, 1.420123e+08
0.0314, 1.315639e+08, 1.371246e+08, 1.299168e+08, 1.410902e+08, 1.252825e+08, 1.365834e+08, 1.264682e+08, 1.319493e+08, 1.425531e+08, 1.421336e+08
0.0315, 1.316691e+08, 1.372312e+08, 1.300170e+08, 1.412094e+08, 1.253635e+08, 1.366930e+08, 1.265563e+08, 1.320514e+08, 1.426753e+08, 1.422548e+08
0.0316, 1.317743e+08, 1.373376e+08, 1.301171e+08, 1.413284e+08, 1.254444e+08, 1.368026e+08, 1.266443e+08, 1.321535e+08, 1.427975e+08, 1.423760e+08
0.0317, 1.318794e+08, 1.374440e+08, 1.302172e+08, 1.414473e+08, 1.255254e+08, 1.369122e+08, 1.267323e+08, 1.322554e+08, 1.429195e+08, 1.424970e+08
0.0318, 1.319845e+08, 1.375503e+08, 1.303172e+08, 1.415662e+08, 1.256063e+08, 1.370216e+08, 1.268202e+08, 1.323574e+08, 1.430414e+08, 1.426179e+08
0.0319, 1.320895e+08, 1.376566e+08, 1.304172e+08, 1.416849e+08, 1.256871e+08, 1.371309e+08, 1.269082e+08, 1.324592e+08, 1.431632e+08, 1.427387e+08
0.032, 1.321944e+08, 1.377627e+08, 1.305171e+08, 1.418036e+08, 1.257680e+08, 1.372402e+08, 1.269960e+08, 1.325610e+08, 1.432849e+08, 1.428595e+08
0.0321, 1.322993e+08, 1.378687e+08, 1.306170e+08, 1.419222e+08, 1.258488e+08, 1.373494e+08, 1.270839e+08, 1.326628e+08, 1.434065e+08, 1.429801e+08
0.0322, 1.324041e+08, 1.379747e+08, 1.307168e+08, 1.420407e+08, 1.259295e+08, 1.374585e+08, 1.271716e+08, 1.327644e+08, 1.435280e+08, 1.431006e+08
0.0323, 1.325089e+08, 1.380806e+08, 1.308165e+08, 1.421590e+08, 1.260103e+08, 1.375676e+08, 1.272594e+08, 1.328660e+08, 1.436494e+08, 1.432210e+08
0.0324, 1.326136e+08, 1.381864e+08, 1.309162e+08, 1.422773e+08, 1.260910e+08, 1.376765e+08, 1.273471e+08, 1.329676e+08, 1.437706e+08, 1.433413e+08
0.0325, 1.327183e+08, 1.382921e+08, 1.310159e+08, 1.423955e+08, 1.261716e+08, 1.377854e+08, 1.274347e+08, 1.330690e+08, 1.438918e+08, 1.434615e+08
0.0326, 1.328229e+08, 1.383977e+08, 1.311155e+08, 1.425137e+08, 1.262522e+08, 1.378942e+08, 1.275224e+08, 1.331704e+08, 1.440129e+08, 1.435816e+08
0.0327, 1.329274e+08, 1.385032e+08, 1.312151e+08, 1.426317e+08, 1.263328e+08, 1.380029e+08, 1.276099e+08, 1.332717e+08, 1.441339e+08, 1.437016e+08
0.0328, 1.330319e+08, 1.386087e+08, 1.313146e+08, 1.427496e+08, 1.264134e+08, 1.381115e+08, 1.276975e+08, 1.333730e+08, 1.442547e+08, 1.438215e+08
0.0329, 1.331364e+08, 1.387140e+08, 1.314140e+08, 1.428675e+08, 1.264939e+08, 1.382201e+08, 1.277849e+08, 1.334742e+08, 1.443755e+08, 1.439413e+08
0.033, 1.332408e+08, 1.388193e+08, 1.315134e+08, 1.429852e+08, 1.265744e+08, 1.383285e+08, 1.278724e+08, 1.335753e+08, 1.444962e+08, 1.440610e+08
0.0331, 1.333451e+08, 1.389245e+08, 1.316128e+08, 1.431029e+08, 1.266548e+08, 1.384369e+08, 1.279598e+08, 1.336764e+08, 1.446167e+08, 1.441806e+08
0.0332, 1.334493e+08, 1.390296e+08, 1.317120e+08, 1.432205e+08, 1.267353e+08, 1.385452e+08, 1.280471e+08, 1.337774e+08, 1.447372e+08, 1.443001e+08
0.0333, 1.335536e+08, 1.391346e+08, 1.318113e+08, 1.433379e+08, 1.268156e+08, 1.386535e+08, 1.281344e+08, 1.338783e+08, 1.448575e+08, 1.444195e+08
0.0334, 1.336577e+08, 1.392396e+08, 1.319105e+08, 1.434553e+08, 1.268960e+08, 1.387616e+08, 1.282217e+08, 1.339792e+08, 1.449778e+08, 1.445387e+08
0.0335, 1.337618e+08, 1.393444e+08, 1.320096e+08, 1.435726e+08, 1.269763e+08, 1.388697e+08, 1.283089e+08, 1.340800e+08, 1.450979e+08, 1.446579e+08
0.0336, 1.338658e+08, 1.394492e+08, 1.321087e+08, 1.436898e+08, 1.270566e+08, 1.389777e+08, 1.283961e+08, 1.341807e+08, 1.452180e+08, 1.447770e+08
0.0337, 1.339698e+08, 1.395539e+08, 1.322077e+08, 1.438070e+08, 1.271368e+08, 1.390856e+08, 1.284832e+08, 1.342813e+08, 1.453379e+08, 1.448960e+08
0.0338, 1.340738e+08, 1.396585e+08, 1.323067e+08, 1.439240e+08, 1.272170e+08, 1.391934e+08, 1.285703e+08, 1.343819e+08, 1.454578e+08, 1.450149e+08
0.0339, 1.341776e+08, 1.397630e+08, 1.324056e+08, 1.440409e+08, 1.272972e+08, 1.393012e+08, 1.286574e+08, 1.344824e+08, 1.455775e+08, 1.451337e+08
0.034, 1.342814e+08, 1.398674e+08, 1.325045e+08, 1.441578e+08, 1.273774e+08, 1.394088e+08, 1.287444e+08, 1.345829e+08, 1.456972e+08, 1.452523e+08
0.0341, 1.343852e+08, 1.399718e+08, 1.326033e+08, 1.442746e+08, 1.274575e+08, 1.395164e+08, 1.288313e+08, 1.346833e+08, 1.458167e+08, 1.453709e+08
0.0342, 1.344889e+08, 1.400761e+08, 1.327021e+08, 1.443912e+08, 1.275375e+08, 1.396239e+08, 1.289183e+08, 1.347836e+08, 1.459361e+08, 1.454894e+08
0.0343, 1.345925e+08, 1.401803e+08, 1.328008e+08, 1.445078e+08, 1.276176e+08, 1.397314e+08, 1.290051e+08, 1.348838e+08, 1.460555e+08, 1.456078e+08
0.0344, 1.346961e+08, 1.402844e+08, 1.328994e+08, 1.446243e+08, 1.276976e+08, 1.398387e+08, 1.290919e+08, 1.349840e+08, 1.461747e+08, 1.457261e+08
0.0345, 1.347996e+08, 1.403884e+08, 1.329980e+08, 1.447407e+08, 1.277775e+08, 1.399460e+08, 1.291787e+08, 1.350841e+08, 1.462939e+08, 1.458442e+08
0.0346, 1.349031e+08, 1.404923e+08, 1.330966e+08, 1.448571e+08, 1.278574e+08, 1.400532e+08, 1.292655e+08, 1.351842e+08, 1.464129e+08, 1.459623e+08
0.0347, 1.350065e+08, 1.405962e+08, 1.331951e+08, 1.449733e+08, 1.279373e+08, 1.401603e+08, 1.293522e+08, 1.352842e+08, 1.465318e+08, 1.460803e+08
0.0348, 1.351098e+08, 1.406999e+08, 1.332935e+08, 1.450894e+08, 1.280172e+08, 1.402674e+08, 1.294388e+08, 1.353841e+08, 1.466507e+08, 1.461982e+08
0.0349, 1.352131e+08, 1.408036e+08, 1.333919e+08, 1.452055e+08, 1.280970e+08, 1.403743e+08, 1.295254e+08, 1.354839e+08, 1.467694e+08, 1.463160e+08
0.035, 1.353163e+08, 1.409072e+08, 1.334902e+08, 1.453214e+08, 1.281768e+08, 1.404812e+08, 1.296120e+08, 1.355837e+08, 1.468880e+08, 1.464336e+08
0.0351, 1.354195e+08, 1.410107e+08, 1.335885e+08, 1.454373e+08, 1.282566e+08, 1.405880e+08, 1.296985e+08, 1.356834e+08, 1.470066e+08, 1.465512e+08
0.0352, 1.355226e+08, 1.411142e+08, 1.336867e+08, 1.455531e+08, 1.283363e+08, 1.406947e+08, 1.297849e+08, 1.357830e+08, 1.471250e+08, 1.466687e+08
0.0353, 1.356257e+08, 1.412175e+08, 1.337849e+08, 1.456688e+08, 1.284159e+08, 1.408014e+08, 1.298714e+08, 1.358826e+08, 1.472434e+08, 1.467861e+08
0.0354, 1.357287e+08, 1.413208e+08, 1.338830e+08, 1.457844e+08, 1.284956e+08, 1.409079e+08, 1.299577e+08, 1.359821e+08, 1.473616e+08, 1.469034e+08
0.0355, 1.358316e+08, 1.414240e+08, 1.339811e+08, 1.459000e+08, 1.285752e+08, 1.410144e+08, 1.300441e+08, 1.360816e+08, 1.474797e+08, 1.470206e+08
0.0356, 1.359345e+08, 1.415271e+08, 1.340791e+08, 1.460154e+08, 1.286548e+08, 1.411208e+08, 1.301303e+08, 1.361809e+08, 1.475978e+08, 1.471377e+08
0.0357, 1.360373e+08, 1.416302e+08, 1.341770e+08, 1.461307e+08, 1.287343e+08, 1.412271e+08, 1.302166e+08, 1.362802e+08, 1.477157e+08, 1.472547e+08
0.0358, 1.361400e+08, 1.417331e+08, 1.342749e+08, 1.462460e+08, 1.288138e+08, 1.413334e+08, 1.303028e+08, 1.363794e+08, 1.478336e+08, 1.473716e+08
0.0359, 1.362427e+08, 1.418360e+08, 1.343727e+08, 1.463612e+08, 1.288933e+08, 1.414396e+08, 1.303889e+08, 1.364786e+08, 1.479513e+08, 1.474884e+08
0.036, 1.363454e+08, 1.419388e+08, 1.344705e+08, 1.464763e+08, 1.289727e+08, 1.415457e+08, 1.304750e+08, 1.365777e+08, 1.480690e+08, 1.476051e+08
0.0361, 1.364479e+08, 1.420415e+08, 1.345682e+08, 1.465913e+08, 1.290521e+08, 1.416517e+08, 1.305611e+08, 1.366767e+08, 1.481865e+08, 1.477217e+08
0.0362, 1.365505e+08, 1.421441e+08, 1.346659e+08, 1.467062e+08, 1.291314e+08, 1.417576e+08, 1.306471e+08, 1.367757e+08, 1.483040e+08, 1.478382e+08
0.0363, 1.366529e+08, 1.422466e+08, 1.347635e+08, 1.468210e+08, 1.292108e+08, 1.418635e+08, 1.307331e+08, 1.368746e+08, 1.484213e+08, 1.479546e+08
0.0364, 1.367553e+08, 1.423491e+08, 1.348611e+08, 1.469358e+08, 1.292900e+08, 1.419692e+08, 1.308190e+08, 1.369734e+08, 1.485386e+08, 1.480709e+08
0.0365, 1.368577e+08, 1.424515e+08, 1.349586e+08, 1.470504e+08, 1.293693e+08, 1.420749e+08, 1.309048e+08, 1.370722e+08, 1.486558e+08, 1.481871e+08
0.0366, 1.369599e+08, 1.425538e+08, 1.350560e+08, 1.471650e+08, 1.294485e+08, 1.421806e+08, 1.309907e+08, 1.371708e+08, 1.487728e+08, 1.483032e+08
0.0367, 1.370622e+08, 1.426560e+08, 1.351534e+08, 1.472795e+08, 1.295277e+08, 1.422861e+08, 1.310765e+08, 1.372695e+08, 1.488898e+08, 1.484192e+08
0.0368, 1.371643e+08, 1.427582e+08, 1.352508e+08, 1.473939e+08, 1.296068e+08, 1.423916e+08, 1.311622e+08, 1.373680e+08, 1.490067e+08, 1.485351e+08
0.0369, 1.372664e+08, 1.428602e+08, 1.353481e+08, 1.475082e+08, 1.296859e+08, 1.424969e+08, 1.312479e+08, 1.374665e+08, 1.491234e+08, 1.486510e+08
0.037, 1.373684e+08, 1.429622e+08, 1.354453e+08, 1.476224e+08, 1.297650e+08, 1.426023e+08, 1.313335e+08, 1.375649e+08, 1.492401e+08, 1.487667e+08
0.0371, 1.374704e+08, 1.430641e+08, 1.355425e+08, 1.477365e+08, 1.298440e+08, 1.427075e+08, 1.314191e+08, 1.376632e+08, 1.493567e+08, 1.488823e+08
0.0372, 1.375723e+08, 1.431659e+08, 1.356396e+08, 1.478506e+08, 1.299230e+08, 1.428126e+08, 1.315047e+08, 1.377615e+08, 1.494732e+08, 1.489978e+08
0.0373, 1.376742e+08, 1.432677e+08, 1.357366e+08, 1.479646e+08, 1.300020e+08, 1.429177e+08, 1.315902e+08, 1.378597e+08, 1.495896e+08, 1.491133e+08
0.0374, 1.377760e+08, 1.433693e+08, 1.358336e+08, 1.480784e+08, 1.300809e+08, 1.430227e+08, 1.316756e+08, 1.379579e+08, 1.497058e+08, 1.492286e+08
0.0375, 1.378777e+08, 1.434709e+08, 1.359306e+08, 1.481922e+08, 1.301598e+08, 1.431276e+08, 1.317610e+08, 1.380559e+08, 1.498220e+08, 1.493439e+08
0.0376, 1.379794e+08, 1.435724e+08, 1.360275e+08, 1.483059e+08, 1.302386e+08, 1.432325e+08, 1.318464e+08, 1.381539e+08, 1.499381e+08, 1.494590e+08
0.0377, 1.380810e+08, 1.436738e+08, 1.361243e+08, 1.484196e+08, 1.303174e+08, 1.433372e+08, 1.319317e+08, 1.382519e+08, 1.500541e+08, 1.495741e+08
0.0378, 1.381826e+08, 1.437752e+08, 1.362211e+08, 1.485331e+08, 1.303962e+08, 1.434419e+08, 1.320170e+08, 1.383497e+08, 1.501700e+08, 1.496890e+08
0.0379, 1.382841e+08, 1.438765e+08, 1.363178e+08, 1.486466e+08, 1.304749e+08, 1.435465e+08, 1.321022e+08, 1.384475e+08, 1.502859e+08, 1.498039e+08
0.038, 1.383855e+08, 1.439776e+08, 1.364145e+08, 1.487599e+08, 1.305536e+08, 1.436510e+08, 1.321874e+08, 1.385453e+08, 1.504016e+08, 1.499186e+08
0.0381, 1.384869e+08, 1.440787e+08, 1.365111e+08, 1.488732e+08, 1.306323e+08, 1.437555e+08, 1.322725e+08, 1.386429e+08, 1.505172e+08, 1.500333e+08
0.0382, 1.385882e+08, 1.441798e+08, 1.366076e+08, 1.489864e+08, 1.307109e+08, 1.438599e+08, 1.323576e+08, 1.387405e+08, 1.506327e+08, 1.501479e+08
0.0383, 1.386894e+08, 1.442807e+08, 1.367041e+08, 1.490995e+08, 1.307895e+08, 1.439642e+08, 1.324426e+08, 1.388380e+08, 1.507482e+08, 1.502624e+08
0.0384, 1.387906e+08, 1.443816e+08, 1.368005e+08, 1.492125e+08, 1.308681e+08, 1.440684e+08, 1.325276e+08, 1.389355e+08, 1.508635e+08, 1.503768e+08
0.0385, 1.388918e+08, 1.444824e+08, 1.368969e+08, 1.493255e+08, 1.309466e+08, 1.441725e+08, 1.326125e+08, 1.390329e+08, 1.509787e+08, 1.504910e+08
0.0386, 1.389928e+08, 1.445831e+08, 1.369933e+08, 1.494383e+08, 1.310251e+08, 1.442766e+08, 1.326974e+08, 1.391302e+08, 1.510939e+08, 1.506052e+08
0.0387, 1.390938e+08, 1.446837e+08, 1.370895e+08, 1.495511e+08, 1.311035e+08, 1.443806e+08, 1.327823e+08, 1.392275e+08, 1.512089e+08, 1.507193e+08
0.0388, 1.391948e+08, 1.447843e+08, 1.371857e+08, 1.496638e+08, 1.311819e+08, 1.444845e+08, 1.328671e+08, 1.393246e+08, 1.513239e+08, 1.508333e+08
0.0389, 1.392957e+08, 1.448848e+08, 1.372819e+08, 1.497764e+08, 1.312603e+08, 1.445883e+08, 1.329518e+08, 1.394218e+08, 1.514387e+08, 1.509473e+08
0.039, 1.393965e+08, 1.449852e+08, 1.373780e+08, 1.498889e+08, 1.313386e+08, 1.446921e+08, 1.330365e+08, 1.395188e+08, 1.515535e+08, 1.510611e+08
0.0391, 1.394972e+08, 1.450855e+08, 1.374740e+08, 1.500014e+08, 1.314169e+08, 1.447957e+08, 1.331212e+08, 1.396158e+08, 1.516682e+08, 1.511748e+08
0.0392, 1.395979e+08, 1.451857e+08, 1.375700e+08, 1.501137e+08, 1.314952e+08, 1.448993e+08, 1.332058e+08, 1.397127e+08, 1.517828e+08, 1.512884e+08
0.0393, 1.396986e+08, 1.452859e+08, 1.376659e+08, 1.502260e+08, 1.315734e+08, 1.450029e+08, 1.332904e+08, 1.398095e+08, 1.518973e+08, 1.514020e+08
0.0394, 1.397991e+08, 1.453860e+08, 1.377618e+08, 1.503382e+08, 1.316516e+08, 1.451063e+08, 1.333749e+08, 1.399063e+08, 1.520117e+08, 1.515154e+08
0.0395, 1.398997e+08, 1.454860e+08, 1.378576e+08, 1.504503e+08, 1.317297e+08, 1.452097e+08, 1.334594e+08, 1.400030e+08, 1.521260e+08, 1.516287e+08
0.0396, 1.400001e+08, 1.455860e+08, 1.379534e+08, 1.505623e+08, 1.318078e+08, 1.453130e+08, 1.335438e+08, 1.400996e+08, 1.522402e+08, 1.517420e+08
0.0397, 1.401005e+08, 1.456858e+08, 1.380490e+08, 1.506742e+08, 1.318859e+08, 1.454162e+08, 1.336281e+08, 1.401962e+08, 1.523543e+08, 1.518552e+08
0.0398, 1.402008e+08, 1.457856e+08, 1.381447e+08, 1.507861e+08, 1.319639e+08, 1.455193e+08, 1.337125e+08, 1.402927e+08, 1.524683e+08, 1.519682e+08
0.0399, 1.403011e+08, 1.458853e+08, 1.382403e+08, 1.508978e+08, 1.320419e+08, 1.456224e+08, 1.337967e+08, 1.403891e+08, 1.525822e+08, 1.520812e+08
0.04, 1.404013e+08, 1.459849e+08, 1.383358e+08, 1.510095e+08, 1.321199e+08, 1.457254e+08, 1.338810e+08, 1.404855e+08, 1.526961e+08, 1.521941e+08
0.0401, 1.405015e+08, 1.460845e+08, 1.384313e+08, 1.511211e+08, 1.321978e+08, 1.458283e+08, 1.339651e+08, 1.405818e+08, 1.528098e+08, 1.523069e+08
0.0402, 1.406015e+08, 1.461839e+08, 1.385267e+08, 1.512326e+08, 1.322757e+08, 1.459311e+08, 1.340493e+08, 1.406780e+08, 1.529235e+08, 1.524195e+08
0.0403, 1.407016e+08, 1.462833e+08, 1.386220e+08, 1.513441e+08, 1.323535e+08, 1.460338e+08, 1.341334e+08, 1.407742e+08, 1.530370e+08, 1.525321e+08
0.0404, 1.408015e+08, 1.463827e+08, 1.387173e+08, 1.514554e+08, 1.324313e+08, 1.461365e+08, 1.342174e+08, 1.408703e+08, 1.531505e+08, 1.526447e+08
0.0405, 1.409014e+08, 1.464819e+08, 1.388125e+08, 1.515667e+08, 1.325091e+08, 1.462391e+08, 1.343014e+08, 1.409663e+08, 1.532639e+08, 1.527571e+08
0.0406, 1.410013e+08, 1.465811e+08, 1.389077e+08, 1.516779e+08, 1.325869e+08, 1.463416e+08, 1.343853e+08, 1.410622e+08, 1.533771e+08, 1.528694e+08
0.0407, 1.411010e+08, 1.466802e+08, 1.390028e+08, 1.517890e+08, 1.326645e+08, 1.464441e+08, 1.344692e+08, 1.411581e+08, 1.534903e+08, 1.529816e+08
0.0408, 1.412007e+08, 1.467792e+08, 1.390979e+08, 1.519000e+08, 1.327422e+08, 1.465465e+08, 1.345531e+08, 1.412539e+08, 1.536034e+08, 1.530938e+08
0.0409, 1.413004e+08, 1.468781e+08, 1.391929e+08, 1.520109e+08, 1.328198e+08, 1.466487e+08, 1.346369e+08, 1.413497e+08, 1.537164e+08, 1.532058e+08
0.041, 1.414000e+08, 1.469770e+08, 1.392878e+08, 1.521218e+08, 1.328974e+08, 1.467510e+08, 1.347206e+08, 1.414454e+08, 1.538293e+08, 1.533177e+08
0.0411, 1.414995e+08, 1.470758e+08, 1.393827e+08, 1.522325e+08, 1.329750e+08, 1.468531e+08, 1.348043e+08, 1.415410e+08, 1.539422e+08, 1.534296e+08
0.0412, 1.415990e+08, 1.471745e+08, 1.394776e+08, 1.523432e+08, 1.330525e+08, 1.469552e+08, 1.348880e+08, 1.416365e+08, 1.540549e+08, 1.535414e+08
0.0413, 1.416984e+08, 1.472731e+08, 1.395723e+08, 1.524538e+08, 1.331299e+08, 1.470572e+08, 1.349716e+08, 1.417320e+08, 1.541675e+08, 1.536531e+08
0.0414, 1.417977e+08, 1.473716e+08, 1.396670e+08, 1.525644e+08, 1.332074e+08, 1.471591e+08, 1.350551e+08, 1.418274e+08, 1.542801e+08, 1.537646e+08
0.0415, 1.418970e+08, 1.474701e+08, 1.397617e+08, 1.526748e+08, 1.332848e+08, 1.472609e+08, 1.351386e+08, 1.419227e+08, 1.543925e+08, 1.538761e+08
0.0416, 1.419962e+08, 1.475685e+08, 1.398563e+08, 1.527852e+08, 1.333621e+08, 1.473627e+08, 1.352221e+08, 1.420180e+08, 1.545049e+08, 1.539875e+08
0.0417, 1.420953e+08, 1.476669e+08, 1.399508e+08, 1.528954e+08, 1.334394e+08, 1.474643e+08, 1.353055e+08, 1.421132e+08, 1.546172e+08, 1.540988e+08
0.0418, 1.421944e+08, 1.477651e+08, 1.400453e+08, 1.530056e+08, 1.335167e+08, 1.475659e+08, 1.353889e+08, 1.422083e+08, 1.547294e+08, 1.542101e+08
0.0419, 1.422935e+08, 1.478633e+08, 1.401397e+08, 1.531157e+08, 1.335940e+08, 1.476675e+08, 1.354722e+08, 1.423034e+08, 1.548415e+08, 1.543212e+08
0.042, 1.423924e+08, 1.479614e+08, 1.402341e+08, 1.532258e+08, 1.336712e+08, 1.477689e+08, 1.355554e+08, 1.423984e+08, 1.549535e+08, 1.544322e+08
0.0421, 1.424913e+08, 1.480594e+08, 1.403284e+08, 1.533357e+08, 1.337483e+08, 1.478703e+08, 1.356387e+08, 1.424933e+08, 1.550654e+08, 1.545432e+08
0.0422, 1.425902e+08, 1.481574e+08, 1.404226e+08, 1.534456e+08, 1.338255e+08, 1.479716e+08, 1.357218e+08, 1.425882e+08, 1.551772e+08, 1.546540e+08
0.0423, 1.426889e+08, 1.482553e+08, 1.405168e+08, 1.535554e+08, 1.339026e+08, 1.480728e+08, 1.358050e+08, 1.426830e+08, 1.552890e+08, 1.547648e+08
0.0424, 1.427876e+08, 1.483531e+08, 1.406110e+08, 1.536651e+08, 1.339796e+08, 1.481740e+08, 1.358880e+08, 1.427777e+08, 1.554006e+08, 1.548754e+08
0.0425, 1.428863e+08, 1.484508e+08, 1.407050e+08, 1.537747e+08, 1.340566e+08, 1.482751e+08, 1.359710e+08, 1.428723e+08, 1.555122e+08, 1.549860e+08
0.0426, 1.429849e+08, 1.485485e+08, 1.407990e+08, 1.538843e+08, 1.341336e+08, 1.483761e+08, 1.360540e+08, 1.429669e+08, 1.556236e+08, 1.550965e+08
0.0427, 1.430834e+08, 1.486460e+08, 1.408930e+08, 1.539937e+08, 1.342106e+08, 1.484770e+08, 1.361369e+08, 1.430615e+08, 1.557350e+08, 1.552069e+08
0.0428, 1.431819e+08, 1.487435e+08, 1.409869e+08, 1.541031e+08, 1.342875e+08, 1.485778e+08, 1.362198e+08, 1.431559e+08, 1.558463e+08, 1.553172e+08
0.0429, 1.432803e+08, 1.488410e+08, 1.410807e+08, 1.542124e+08, 1.343643e+08, 1.486786e+08, 1.363027e+08, 1.432503e+08, 1.559575e+08, 1.554274e+08
0.043, 1.433786e+08, 1.489383e+08, 1.411745e+08, 1.543216e+08, 1.344412e+08, 1.487793e+08, 1.363854e+08, 1.433446e+08, 1.560686e+08, 1.555376e+08
0.0431, 1.434769e+08, 1.490356e+08, 1.412682e+08, 1.544308e+08, 1.345179e+08, 1.488799e+08, 1.364682e+08, 1.434389e+08, 1.561796e+08, 1.556476e+08
0.0432, 1.435751e+08, 1.491328e+08, 1.413619e+08, 1.545398e+08, 1.345947e+08, 1.489805e+08, 1.365508e+08, 1.435330e+08, 1.562905e+08, 1.557575e+08
0.0433, 1.436733e+08, 1.492299e+08, 1.414555e+08, 1.546488e+08, 1.346714e+08, 1.490809e+08, 1.366335e+08, 1.436271e+08, 1.564014e+08, 1.558674e+08
0.0434, 1.437713e+08, 1.493270e+08, 1.415490e+08, 1.547577e+08, 1.347481e+08, 1.491813e+08, 1.367161e+08, 1.437212e+08, 1.565121e+08, 1.559772e+08
0.0435, 1.438694e+08, 1.494240e+08, 1.416425e+08, 1.548665e+08, 1.348247e+08, 1.492817e+08, 1.367986e+08, 1.438152e+08, 1.566228e+08, 1.560868e+08
0.0436, 1.439673e+08, 1.495209e+08, 1.417359e+08, 1.549752e+08, 1.349013e+08, 1.493819e+08, 1.368811e+08, 1.439091e+08, 1.567334e+08, 1.561964e+08
0.0437, 1.440652e+08, 1.496177e+08, 1.418293e+08, 1.550839e+08, 1.349779e+08, 1.494821e+08, 1.369635e+08, 1.440029e+08, 1.568438e+08, 1.563059e+08
0.0438, 1.441631e+08, 1.497145e+08, 1.419226e+08, 1.551925e+08, 1.350544e+08, 1.495822e+08, 1.370459e+08, 1.440967e+08, 1.569542e+08, 1.564153e+08
0.0439, 1.442608e+08, 1.498112e+08, 1.420159e+08, 1.553009e+08, 1.351309e+08, 1.496822e+08, 1.371283e+08, 1.441904e+08, 1.570646e+08, 1.565247e+08
0.044, 1.443586e+08, 1.499078e+08, 1.421091e+08, 1.554094e+08, 1.352073e+08, 1.497821e+08, 1.372105e+08, 1.442840e+08, 1.571748e+08, 1.566339e+08
0.0441, 1.444562e+08, 1.500044e+08, 1.422022e+08, 1.555177e+08, 1.352837e+08, 1.498820e+08, 1.372928e+08, 1.443776e+08, 1.572849e+08, 1.567430e+08
0.0442, 1.445538e+08, 1.501008e+08, 1.422953e+08, 1.556259e+08, 1.353601e+08, 1.499818e+08, 1.373750e+08, 1.444711e+08, 1.573950e+08, 1.568521e+08
0.0443, 1.446513e+08, 1.501972e+08, 1.423883e+08, 1.557341e+08, 1.354364e+08, 1.500815e+08, 1.374571e+08, 1.445645e+08, 1.575049e+08, 1.569611e+08
0.0444, 1.447488e+08, 1.502935e+08, 1.424812e+08, 1.558422e+08, 1.355127e+08, 1.501811e+08, 1.375392e+08, 1.446579e+08, 1.576148e+08, 1.570699e+08
0.0445, 1.448462e+08, 1.503898e+08, 1.425741e+08, 1.559502e+08, 1.355890e+08, 1.502807e+08, 1.376213e+08, 1.447512e+08, 1.577246e+08, 1.571787e+08
0.0446, 1.449435e+08, 1.504860e+08, 1.426670e+08, 1.560582e+08, 1.356652e+08, 1.503802e+08, 1.377033e+08, 1.448444e+08, 1.578343e+08, 1.572874e+08
0.0447, 1.450408e+08, 1.505821e+08, 1.427597e+08, 1.561660e+08, 1.357414e+08, 1.504796e+08, 1.377852e+08, 1.449376e+08, 1.579439e+08, 1.573960e+08
0.0448, 1.451380e+08, 1.506781e+08, 1.428525e+08, 1.562738e+08, 1.358175e+08, 1.505790e+08, 1.378671e+08, 1.450307e+08, 1.580534e+08, 1.575045e+08
0.0449, 1.452351e+08, 1.507741e+08, 1.429451e+08, 1.563815e+08, 1.358936e+08, 1.506782e+08, 1.379490e+08, 1.451237e+08, 1.581628e+08, 1.576130e+08
0.045, 1.453322e+08, 1.508700e+08, 1.430377e+08, 1.564891e+08, 1.359696e+08, 1.507774e+08, 1.380308e+08, 1.452167e+08, 1.582722e+08, 1.577213e+08
0.0451, 1.454292e+08, 1.509658e+08, 1.431303e+08, 1.565966e+08, 1.360457e+08, 1.508765e+08, 1.381125e+08, 1.453096e+08, 1.583814e+08, 1.578296e+08
0.0452, 1.455262e+08, 1.510615e+08, 1.432227e+08, 1.567041e+08, 1.361217e+08, 1.509756e+08, 1.381942e+08, 1.454024e+08, 1.584906e+08, 1.579377e+08
0.0453, 1.456231e+08, 1.511572e+08, 1.433152e+08, 1.568115e+08, 1.361976e+08, 1.510746e+08, 1.382759e+08, 1.454951e+08, 1.585997e+08, 1.580458e+08
0.0454, 1.457199e+08, 1.512528e+08, 1.434075e+08, 1.569188e+08, 1.362735e+08, 1.511735e+08, 1.383575e+08, 1.455878e+08, 1.587087e+08, 1.581538e+08
0.0455, 1.458167e+08, 1.513483e+08, 1.434998e+08, 1.570260e+08, 1.363494e+08, 1.512723e+08, 1.384390e+08, 1.456804e+08, 1.588176e+08, 1.582617e+08
0.0456, 1.459134e+08, 1.514437e+08, 1.435921e+08, 1.571331e+08, 1.364252e+08, 1.513710e+08, 1.385205e+08, 1.457730e+08, 1.589264e+08, 1.583695e+08
0.0457, 1.460100e+08, 1.515391e+08, 1.436843e+08, 1.572402e+08, 1.365010e+08, 1.514697e+08, 1.386020e+08, 1.458655e+08, 1.590351e+08, 1.584772e+08
0.0458, 1.461066e+08, 1.516344e+08, 1.437764e+08, 1.573472e+08, 1.365767e+08, 1.515683e+08, 1.386834e+08, 1.459579e+08, 1.591438e+08, 1.585849e+08
0.0459, 1.462031e+08, 1.517297e+08, 1.438685e+08, 1.574541e+08, 1.366525e+08, 1.516668e+08, 1.387648e+08, 1.460503e+08, 1.592524e+08, 1.586924e+08
0.046, 1.462996e+08, 1.518248e+08, 1.439605e+08, 1.575609e+08, 1.367281e+08, 1.517653e+08, 1.388461e+08, 1.461425e+08, 1.593608e+08, 1.587999e+08
0.0461, 1.463960e+08, 1.519199e+08, 1.440524e+08, 1.576676e+08, 1.368038e+08, 1.518636e+08, 1.389273e+08, 1.462348e+08, 1.594692e+08, 1.589073e+08
0.0462, 1.464923e+08, 1.520149e+08, 1.441443e+08, 1.577743e+08, 1.368794e+08, 1.519619e+08, 1.390085e+08, 1.463269e+08, 1.595775e+08, 1.590146e+08
0.0463, 1.465886e+08, 1.521099e+08, 1.442362e+08, 1.578809e+08, 1.369549e+08, 1.520602e+08, 1.390897e+08, 1.464190e+08, 1.596858e+08, 1.591218e+08
0.0464, 1.466848e+08, 1.522047e+08, 1.443279e+08, 1.579874e+08, 1.370304e+08, 1.521583e+08, 1.391708e+08, 1.465110e+08, 1.597939e+08, 1.592289e+08
0.0465, 1.467809e+08, 1.522995e+08, 1.444196e+08, 1.580938e+08, 1.371059e+08, 1.522564e+08, 1.392519e+08, 1.466030e+08, 1.599020e+08, 1.593359e+08
0.0466, 1.468770e+08, 1.523943e+08, 1.445113e+08, 1.582002e+08, 1.371814e+08, 1.523544e+08, 1.393329e+08, 1.466948e+08, 1.600099e+08, 1.594428e+08
0.0467, 1.469730e+08, 1.524889e+08, 1.446029e+08, 1.583065e+08, 1.372568e+08, 1.524523e+08, 1.394139e+08, 1.467867e+08, 1.601178e+08, 1.595497e+08
0.0468, 1.470689e+08, 1.525835e+08, 1.446944e+08, 1.584127e+08, 1.373321e+08, 1.525502e+08, 1.394948e+08, 1.468784e+08, 1.602256e+08, 1.596565e+08
0.0469, 1.471648e+08, 1.526780e+08, 1.447859e+08, 1.585188e+08, 1.374075e+08, 1.526480e+08, 1.395756e+08, 1.469701e+08, 1.603333e+08, 1.597632e+08
0.047, 1.472606e+08, 1.527725e+08, 1.448773e+08, 1.586248e+08, 1.374827e+08, 1.527457e+08, 1.396565e+08, 1.470617e+08, 1.604409e+08, 1.598697e+08
0.0471, 1.473564e+08, 1.528669e+08, 1.449687e+08, 1.587308e+08, 1.375580e+08, 1.528433e+08, 1.397372e+08, 1.471532e+08, 1.605485e+08, 1.599763e+08
0.0472, 1.474521e+08, 1.529612e+08, 1.450600e+08, 1.588367e+08, 1.376332e+08, 1.529409e+08, 1.398179e+08, 1.472447e+08, 1.606559e+08, 1.600827e+08
0.0473, 1.475477e+08, 1.530554e+08, 1.451512e+08, 1.589425e+08, 1.377084e+08, 1.530383e+08, 1.398986e+08, 1.473361e+08, 1.607633e+08, 1.601890e+08
0.0474, 1.476433e+08, 1.531495e+08, 1.452424e+08, 1.590482e+08, 1.377835e+08, 1.531358e+08, 1.399792e+08, 1.474275e+08, 1.608706e+08, 1.602953e+08
0.0475, 1.477388e+08, 1.532436e+08, 1.453335e+08, 1.591539e+08, 1.378586e+08, 1.532331e+08, 1.400598e+08, 1.475188e+08, 1.609778e+08, 1.604014e+08
0.0476, 1.478342e+08, 1.533377e+08, 1.454246e+08, 1.592594e+08, 1.379336e+08, 1.533304e+08, 1.401403e+08, 1.476100e+08, 1.610849e+08, 1.605075e+08
0.0477, 1.479296e+08, 1.534316e+08, 1.455156e+08, 1.593649e+08, 1.380087e+08, 1.534276e+08, 1.402208e+08, 1.477011e+08, 1.611919e+08, 1.606135e+08
0.0478, 1.480249e+08, 1.535255e+08, 1.456065e+08, 1.594703e+08, 1.380836e+08, 1.535247e+08, 1.403012e+08, 1.477922e+08, 1.612989e+08, 1.607194e+08
0.0479, 1.481202e+08, 1.536193e+08, 1.456974e+08, 1.595757e+08, 1.381586e+08, 1.536217e+08, 1.403816e+08, 1.478832e+08, 1.614057e+08, 1.608252e+08
0.048, 1.482154e+08, 1.537130e+08, 1.457882e+08, 1.596809e+08, 1.382335e+08, 1.537187e+08, 1.404619e+08, 1.479741e+08, 1.615125e+08, 1.609310e+08
0.0481, 1.483105e+08, 1.538067e+08, 1.458790e+08, 1.597861e+08, 1.383083e+08, 1.538156e+08, 1.405422e+08, 1.480650e+08, 1.616192e+08, 1.610366e+08
0.0482, 1.484056e+08, 1.539003e+08, 1.459697e+08, 1.598912e+08, 1.383832e+08, 1.539124e+08, 1.406224e+08, 1.481558e+08, 1.617258e+08, 1.611422e+08
0.0483, 1.485006e+08, 1.539938e+08, 1.460604e+08, 1.599963e+08, 1.384579e+08, 1.540092e+08, 1.407026e+08, 1.482466e+08, 1.618323e+08, 1.612476e+08
0.0484, 1.485955e+08, 1.540873e+08, 1.461510e+08, 1.601012e+08, 1.385327e+08, 1.541058e+08, 1.407827e+08, 1.483372e+08, 1.619388e+08, 1.613530e+08
0.0485, 1.486904e+08, 1.541806e+08, 1.462415e+08, 1.602061e+08, 1.386074e+08, 1.542024e+08, 1.408628e+08, 1.484279e+08, 1.620452e+08, 1.614583e+08
0.0486, 1.487852e+08, 1.542740e+08, 1.463320e+08, 1.603109e+08, 1.386820e+08, 1.542990e+08, 1.409428e+08, 1.485184e+08, 1.621514e+08, 1.615636e+08
0.0487, 1.488799e+08, 1.543672e+08, 1.464224e+08, 1.604156e+08, 1.387567e+08, 1.543954e+08, 1.410228e+08, 1.486089e+08, 1.622576e+08, 1.616687e+08
0.0488, 1.489746e+08, 1.544604e+08, 1.465127e+08, 1.605203e+08, 1.388313e+08, 1.544918e+08, 1.411027e+08, 1.486993e+08, 1.623637e+08, 1.617737e+08
0.0489, 1.490693e+08, 1.545535e+08, 1.466030e+08, 1.606248e+08, 1.389058e+08, 1.545881e+08, 1.411826e+08, 1.487896e+08, 1.624698e+08, 1.618787e+08
0.049, 1.491638e+08, 1.546465e+08, 1.466932e+08, 1.607293e+08, 1.389803e+08, 1.546844e+08, 1.412624e+08, 1.488799e+08, 1.625757e+08, 1.619836e+08
0.0491, 1.492583e+08, 1.547395e+08, 1.467834e+08, 1.608338e+08, 1.390548e+08, 1.547805e+08, 1.413422e+08, 1.489701e+08, 1.626816e+08, 1.620884e+08
0.0492, 1.493528e+08, 1.548324e+08, 1.468735e+08, 1.609381e+08, 1.391292e+08, 1.548766e+08, 1.414219e+08, 1.490603e+08, 1.627873e+08, 1.621931e+08
0.0493, 1.494471e+08, 1.549252e+08, 1.469636e+08, 1.610424e+08, 1.392036e+08, 1.549726e+08, 1.415016e+08, 1.491503e+08, 1.628930e+08, 1.622977e+08
0.0494, 1.495414e+08, 1.550180e+08, 1.470536e+08, 1.611465e+08, 1.392780e+08, 1.550686e+08, 1.415813e+08, 1.492403e+08, 1.629986e+08, 1.624023e+08
0.0495, 1.496357e+08, 1.551106e+08, 1.471435e+08, 1.612507e+08, 1.393523e+08, 1.551645e+08, 1.416608e+08, 1.493303e+08, 1.631042e+08, 1.625067e+08
0.0496, 1.497299e+08, 1.552033e+08, 1.472334e+08, 1.613547e+08, 1.394266e+08, 1.552603e+08, 1.417404e+08, 1.494202e+08, 1.632096e+08, 1.626111e+08
0.0497, 1.498240e+08, 1.552958e+08, 1.473232e+08, 1.614586e+08, 1.395008e+08, 1.553560e+08, 1.418199e+08, 1.495100e+08, 1.633150e+08, 1.627154e+08
0.0498, 1.499180e+08, 1.553883e+08, 1.474129e+08, 1.615625e+08, 1.395750e+08, 1.554516e+08, 1.418993e+08, 1.495997e+08, 1.634202e+08, 1.628196e+08
0.0499, 1.500120e+08, 1.554807e+08, 1.475026e+08, 1.616663e+08, 1.396491e+08, 1.555472e+08, 1.419787e+08, 1.496894e+08, 1.635254e+08, 1.629237e+08
0.05, 1.501060e+08, 1.555730e+08, 1.475923e+08, 1.617701e+08, 1.397233e+08, 1.556427e+08, 1.420580e+08, 1.497790e+08, 1.636306e+08, 1.630278e+08
