Time, Value
0, 3.858025e+14
0.0001, 3.858025e+14
0.0002, 3.858025e+14
0.0003, 3.858025e+14
0.0004, 3.858025e+14
0.0005, 3.858025e+14
0.0006, 3.858025e+14
0.0007, 3.858029e+14
0.0008, 3.858042e+14
0.0009, 3.858087e+14
0.001, 3.858220e+14
0.0011, 3.858570e+14
0.0012, 3.859366e+14
0.0013, 3.860942e+14
0.0014, 3.863635e+14
0.0015, 3.867655e+14
0.0016, 3.872991e+14
0.0017, 3.879449e+14
0.0018, 3.886755e+14
0.0019, 3.894656e+14
0.002, 3.902960e+14
0.0021, 3.911542e+14
0.0022, 3.920323e+14
0.0023, 3.929254e+14
0.0024, 3.938305e+14
0.0025, 3.947454e+14
0.0026, 3.956688e+14
0.0027, 3.965997e+14
0.0028, 3.975373e+14
0.0029, 3.984808e+14
0.003, 3.994297e+14
0.0031, 4.003835e+14
0.0032, 4.013418e+14
0.0033, 4.023043e+14
0.0034, 4.032706e+14
0.0035, 4.042405e+14
0.0036, 4.052137e+14
0.0037, 4.061900e+14
0.0038, 4.071692e+14
0.0039, 4.081511e+14
0.004, 4.091356e+14
0.0041, 4.101225e+14
0.0042, 4.111117e+14
0.0043, 4.121031e+14
0.0044, 4.130967e+14
0.0045, 4.140922e+14
0.0046, 4.150897e+14
0.0047, 4.160890e+14
0.0048, 4.170901e+14
0.0049, 4.180930e+14
0.005, 4.190975e+14
0.0051, 4.201036e+14
0.0052, 4.211113e+14
0.0053, 4.221206e+14
0.0054, 4.231313e+14
0.0055, 4.241434e+14
0.0056, 4.251569e+14
0.0057, 4.261719e+14
0.0058, 4.271881e+14
0.0059, 4.282057e+14
0.006, 4.292245e+14
0.0061, 4.302446e+14
0.0062, 4.312659e+14
0.0063, 4.322884e+14
0.0064, 4.333121e+14
0.0065, 4.343370e+14
0.0066, 4.353630e+14
0.0067, 4.363901e+14
0.0068, 4.374183e+14
0.0069, 4.384475e+14
0.007, 4.394779e+14
0.0071, 4.405093e+14
0.0072, 4.415417e+14
0.0073, 4.425751e+14
0.0074, 4.436095e+14
0.0075, 4.446450e+14
0.0076, 4.456813e+14
0.0077, 4.467187e+14
0.0078, 4.477570e+14
0.0079, 4.487962e+14
0.008, 4.498363e+14
0.0081, 4.508774e+14
0.0082, 4.519193e+14
0.0083, 4.529621e+14
0.0084, 4.540059e+14
0.0085, 4.550504e+14
0.0086, 4.560959e+14
0.0087, 4.571422e+14
0.0088, 4.581893e+14
0.0089, 4.592372e+14
0.009, 4.602860e+14
0.0091, 4.613356e+14
0.0092, 4.623860e+14
0.0093, 4.634372e+14
0.0094, 4.644891e+14
0.0095, 4.655419e+14
0.0096, 4.665954e+14
0.0097, 4.676497e+14
0.0098, 4.687048e+14
0.0099, 4.697606e+14
0.01, 4.708171e+14
0.0101, 4.718744e+14
0.0102, 4.729325e+14
0.0103, 4.739912e+14
0.0104, 4.750507e+14
0.0105, 4.761108e+14
0.0106, 4.771717e+14
0.0107, 4.782333e+14
0.0108, 4.792956e+14
0.0109, 4.803586e+14
0.011, 4.814222e+14
0.0111, 4.824866e+14
0.0112, 4.835516e+14
0.0113, 4.846173e+14
0.0114, 4.856836e+14
0.0115, 4.867506e+14
0.0116, 4.878182e+14
0.0117, 4.888865e+14
0.0118, 4.899555e+14
0.0119, 4.910251e+14
0.012, 4.920953e+14
0.0121, 4.931661e+14
0.0122, 4.942376e+14
0.0123, 4.953097e+14
0.0124, 4.963824e+14
0.0125, 4.974557e+14
0.0126, 4.985296e+14
0.0127, 4.996041e+14
0.0128, 5.006792e+14
0.0129, 5.017549e+14
0.013, 5.028312e+14
0.0131, 5.039081e+14
0.0132, 5.049855e+14
0.0133, 5.060636e+14
0.0134, 5.071422e+14
0.0135, 5.082213e+14
0.0136, 5.093011e+14
0.0137, 5.103814e+14
0.0138, 5.114622e+14
0.0139, 5.125437e+14
0.014, 5.136256e+14
0.0141, 5.147081e+14
0.0142, 5.157912e+14
0.0143, 5.168748e+14
0.0144, 5.179589e+14
0.0145, 5.190435e+14
0.0146, 5.201287e+14
0.0147, 5.212144e+14
0.0148, 5.223006e+14
0.0149, 5.233874e+14
0.015, 5.244746e+14
0.0151, 5.255624e+14
0.0152, 5.266507e+14
0.0153, 5.277395e+14
0.0154, 5.288287e+14
0.0155, 5.299185e+14
0.0156, 5.310088e+14
0.0157, 5.320995e+14
0.0158, 5.331908e+14
0.0159, 5.342825e+14
0.016, 5.353747e+14
0.0161, 5.364674e+14
0.0162, 5.375606e+14
0.0163, 5.386542e+14
0.0164, 5.397483e+14
0.0165, 5.408429e+14
0.0166, 5.419379e+14
0.0167, 5.430334e+14
0.0168, 5.441294e+14
0.0169, 5.452257e+14
0.017, 5.463226e+14
0.0171, 5.474199e+14
0.0172, 5.485176e+14
0.0173, 5.496158e+14
0.0174, 5.507144e+14
0.0175, 5.518135e+14
0.0176, 5.529130e+14
0.0177, 5.540129e+14
0.0178, 5.551132e+14
0.0179, 5.562140e+14
0.018, 5.573152e+14
0.0181, 5.584168e+14
0.0182, 5.595188e+14
0.0183, 5.606213e+14
0.0184, 5.617241e+14
0.0185, 5.628274e+14
0.0186, 5.639310e+14
0.0187, 5.650351e+14
0.0188, 5.661395e+14
0.0189, 5.672444e+14
0.019, 5.683496e+14
0.0191, 5.694553e+14
0.0192, 5.705613e+14
0.0193, 5.716677e+14
0.0194, 5.727745e+14
0.0195, 5.738817e+14
0.0196, 5.749892e+14
0.0197, 5.760972e+14
0.0198, 5.772055e+14
0.0199, 5.783141e+14
0.02, 5.794232e+14
0.0201, 5.805326e+14
0.0202, 5.816423e+14
0.0203, 5.827525e+14
0.0204, 5.838629e+14
0.0205, 5.849738e+14
0.0206, 5.860850e+14
0.0207, 5.871965e+14
0.0208, 5.883084e+14
0.0209, 5.894206e+14
0.021, 5.905332e+14
0.0211, 5.916461e+14
0.0212, 5.927594e+14
0.0213, 5.938730e+14
0.0214, 5.949869e+14
0.0215, 5.961011e+14
0.0216, 5.972157e+14
0.0217, 5.983306e+14
0.0218, 5.994458e+14
0.0219, 6.005614e+14
0.022, 6.016772e+14
0.0221, 6.027934e+14
0.0222, 6.039099e+14
0.0223, 6.050267e+14
0.0224, 6.061438e+14
0.0225, 6.072613e+14
0.0226, 6.083790e+14
0.0227, 6.094970e+14
0.0228, 6.106153e+14
0.0229, 6.117340e+14
0.023, 6.128529e+14
0.0231, 6.139721e+14
0.0232, 6.150916e+14
0.0233, 6.162114e+14
0.0234, 6.173315e+14
0.0235, 6.184518e+14
0.0236, 6.195725e+14
0.0237, 6.206934e+14
0.0238, 6.218146e+14
0.0239, 6.229361e+14
0.024, 6.240578e+14
0.0241, 6.251798e+14
0.0242, 6.263021e+14
0.0243, 6.274247e+14
0.0244, 6.285475e+14
0.0245, 6.296706e+14
0.0246, 6.307939e+14
0.0247, 6.319175e+14
0.0248, 6.330414e+14
0.0249, 6.341655e+14
0.025, 6.352898e+14
0.0251, 6.364144e+14
0.0252, 6.375393e+14
0.0253, 6.386644e+14
0.0254, 6.397897e+14
0.0255, 6.409153e+14
0.0256, 6.420411e+14
0.0257, 6.431672e+14
0.0258, 6.442935e+14
0.0259, 6.454200e+14
0.026, 6.465467e+14
0.0261, 6.476737e+14
0.0262, 6.488009e+14
0.0263, 6.499284e+14
0.0264, 6.510560e+14
0.0265, 6.521839e+14
0.0266, 6.533120e+14
0.0267, 6.544403e+14
0.0268, 6.555688e+14
0.0269, 6.566975e+14
0.027, 6.578265e+14
0.0271, 6.589556e+14
0.0272, 6.600850e+14
0.0273, 6.612145e+14
0.0274, 6.623443e+14
0.0275, 6.634743e+14
0.0276, 6.646044e+14
0.0277, 6.657348e+14
0.0278, 6.668654e+14
0.0279, 6.679961e+14
0.028, 6.691270e+14
0.0281, 6.702582e+14
0.0282, 6.713895e+14
0.0283, 6.725210e+14
0.0284, 6.736526e+14
0.0285, 6.747845e+14
0.0286, 6.759165e+14
0.0287, 6.770488e+14
0.0288, 6.781811e+14
0.0289, 6.793137e+14
0.029, 6.804464e+14
0.0291, 6.815793e+14
0.0292, 6.827124e+14
0.0293, 6.838457e+14
0.0294, 6.849791e+14
0.0295, 6.861126e+14
0.0296, 6.872464e+14
0.0297, 6.883802e+14
0.0298, 6.895143e+14
0.0299, 6.906485e+14
0.03, 6.917828e+14
0.0301, 6.929173e+14
0.0302, 6.940520e+14
0.0303, 6.951868e+14
0.0304, 6.963217e+14
0.0305, 6.974568e+14
0.0306, 6.985920e+14
0.0307, 6.997274e+14
0.0308, 7.008629e+14
0.0309, 7.019985e+14
0.031, 7.031343e+14
0.0311, 7.042702e+14
0.0312, 7.054063e+14
0.0313, 7.065424e+14
0.0314, 7.076787e+14
0.0315, 7.088152e+14
0.0316, 7.099517e+14
0.0317, 7.110884e+14
0.0318, 7.122252e+14
0.0319, 7.133621e+14
0.032, 7.144991e+14
0.0321, 7.156363e+14
0.0322, 7.167735e+14
0.0323, 7.179109e+14
0.0324, 7.190484e+14
0.0325, 7.201860e+14
0.0326, 7.213237e+14
0.0327, 7.224615e+14
0.0328, 7.235994e+14
0.0329, 7.247374e+14
0.033, 7.258756e+14
0.0331, 7.270138e+14
0.0332, 7.281521e+14
0.0333, 7.292905e+14
0.0334, 7.304290e+14
0.0335, 7.315676e+14
0.0336, 7.327063e+14
0.0337, 7.338450e+14
0.0338, 7.349839e+14
0.0339, 7.361229e+14
0.034, 7.372619e+14
0.0341, 7.384010e+14
0.0342, 7.395402e+14
0.0343, 7.406795e+14
0.0344, 7.418188e+14
0.0345, 7.429582e+14
0.0346, 7.440977e+14
0.0347, 7.452373e+14
0.0348, 7.463770e+14
0.0349, 7.475167e+14
0.035, 7.486565e+14
0.0351, 7.497963e+14
0.0352, 7.509362e+14
0.0353, 7.520762e+14
0.0354, 7.532163e+14
0.0355, 7.543564e+14
0.0356, 7.554965e+14
0.0357, 7.566367e+14
0.0358, 7.577770e+14
0.0359, 7.589173e+14
0.036, 7.600577e+14
0.0361, 7.611982e+14
0.0362, 7.623386e+14
0.0363, 7.634792e+14
0.0364, 7.646197e+14
0.0365, 7.657604e+14
0.0366, 7.669010e+14
0.0367, 7.680417e+14
0.0368, 7.691825e+14
0.0369, 7.703233e+14
0.037, 7.714641e+14
0.0371, 7.726050e+14
0.0372, 7.737459e+14
0.0373, 7.748868e+14
0.0374, 7.760277e+14
0.0375, 7.771687e+14
0.0376, 7.783097e+14
0.0377, 7.794508e+14
0.0378, 7.805919e+14
0.0379, 7.817330e+14
0.038, 7.828741e+14
0.0381, 7.840152e+14
0.0382, 7.851564e+14
0.0383, 7.862975e+14
0.0384, 7.874387e+14
0.0385, 7.885799e+14
0.0386, 7.897212e+14
0.0387, 7.908624e+14
0.0388, 7.920037e+14
0.0389, 7.931449e+14
0.039, 7.942862e+14
0.0391, 7.954274e+14
0.0392, 7.965687e+14
0.0393, 7.977100e+14
0.0394, 7.988513e+14
0.0395, 7.999926e+14
0.0396, 8.011339e+14
0.0397, 8.022751e+14
0.0398, 8.034164e+14
0.0399, 8.045577e+14
0.04, 8.056990e+14
0.0401, 8.068402e+14
0.0402, 8.079815e+14
0.0403, 8.091227e+14
0.0404, 8.102640e+14
0.0405, 8.114052e+14
0.0406, 8.125464e+14
0.0407, 8.136876e+14
0.0408, 8.148288e+14
0.0409, 8.159699e+14
0.041, 8.171111e+14
0.0411, 8.182522e+14
0.0412, 8.193933e+14
0.0413, 8.205344e+14
0.0414, 8.216754e+14
0.0415, 8.228165e+14
0.0416, 8.239575e+14
0.0417, 8.250984e+14
0.0418, 8.262394e+14
0.0419, 8.273803e+14
0.042, 8.285211e+14
0.0421, 8.296620e+14
0.0422, 8.308028e+14
0.0423, 8.319436e+14
0.0424, 8.330843e+14
0.0425, 8.342250e+14
0.0426, 8.353656e+14
0.0427, 8.365063e+14
0.0428, 8.376468e+14
0.0429, 8.387874e+14
0.043, 8.399278e+14
0.0431, 8.410683e+14
0.0432, 8.422087e+14
0.0433, 8.433490e+14
0.0434, 8.444893e+14
0.0435, 8.456295e+14
0.0436, 8.467697e+14
0.0437, 8.479098e+14
0.0438, 8.490499e+14
0.0439, 8.501899e+14
0.044, 8.513299e+14
0.0441, 8.524698e+14
0.0442, 8.536096e+14
0.0443, 8.547494e+14
0.0444, 8.558891e+14
0.0445, 8.570287e+14
0.0446, 8.581683e+14
0.0447, 8.593078e+14
0.0448, 8.604473e+14
0.0449, 8.615867e+14
0.045, 8.627260e+14
0.0451, 8.638652e+14
0.0452, 8.650044e+14
0.0453, 8.661435e+14
0.0454, 8.672825e+14
0.0455, 8.684214e+14
0.0456, 8.695603e+14
0.0457, 8.706991e+14
0.0458, 8.718378e+14
0.0459, 8.729764e+14
0.046, 8.741150e+14
0.0461, 8.752534e+14
0.0462, 8.763918e+14
0.0463, 8.775301e+14
0.0464, 8.786683e+14
0.0465, 8.798064e+14
0.0466, 8.809445e+14
0.0467, 8.820824e+14
0.0468, 8.832202e+14
0.0469, 8.843580e+14
0.047, 8.854956e+14
0.0471, 8.866332e+14
0.0472, 8.877707e+14
0.0473, 8.889081e+14
0.0474, 8.900453e+14
0.0475, 8.911825e+14
0.0476, 8.923196e+14
0.0477, 8.934566e+14
0.0478, 8.945934e+14
0.0479, 8.957302e+14
0.048, 8.968669e+14
0.0481, 8.980034e+14
0.0482, 8.991399e+14
0.0483, 9.002762e+14
0.0484, 9.014124e+14
0.0485, 9.025486e+14
0.0486, 9.036846e+14
0.0487, 9.048205e+14
0.0488, 9.059562e+14
0.0489, 9.070919e+14
0.049, 9.082275e+14
0.0491, 9.093629e+14
0.0492, 9.104982e+14
0.0493, 9.116334e+14
0.0494, 9.127685e+14
0.0495, 9.139035e+14
0.0496, 9.150383e+14
0.0497, 9.161730e+14
0.0498, 9.173076e+14
0.0499, 9.184421e+14
0.05, 9.195764e+14
