Time, Grain_0, Grain_1, Grain_2, Grain_3, Grain_4, Grain_5, Grain_6, Grain_7, Grain_8, Grain_9, Grain_10
0, 3.858025e+14, 3.858025e+14, 3.858025e+14, 3.858025e+14, 3.858025e+14, 3.858025e+14, 3.858025e+14, 3.858025e+14, 3.858025e+14, 3.858025e+14
0.0001, 3.858025e+14, 3.858025e+14, 3.858025e+14, 3.858025e+14, 3.858025e+14, 3.858025e+14, 3.858025e+14, 3.858025e+14, 3.858025e+14, 3.858025e+14
0.0002, 3.858025e+14, 3.858025e+14, 3.858025e+14, 3.858025e+14, 3.858025e+14, 3.858025e+14, 3.858025e+14, 3.858025e+14, 3.858025e+14, 3.858025e+14
0.0003, 3.858025e+14, 3.858025e+14, 3.858025e+14, 3.858025e+14, 3.858025e+14, 3.858025e+14, 3.858025e+14, 3.858025e+14, 3.858025e+14, 3.858025e+14
0.0004, 3.858025e+14, 3.858025e+14, 3.858025e+14, 3.858025e+14, 3.858025e+14, 3.858025e+14, 3.858025e+14, 3.858025e+14, 3.858025e+14, 3.858025e+14
0.0005, 3.858025e+14, 3.858025e+14, 3.858025e+14, 3.858025e+14, 3.858025e+14, 3.858025e+14, 3.858025e+14, 3.858025e+14, 3.858025e+14, 3.858025e+14
0.0006, 3.858025e+14, 3.858025e+14, 3.858025e+14, 3.858026e+14, 3.858025e+14, 3.858025e+14, 3.858025e+14, 3.858025e+14, 3.858025e+14, 3.858027e+14
0.0007, 3.858026e+14, 3.858027e+14, 3.858026e+14, 3.858030e+14, 3.858029e+14, 3.858027e+14, 3.858026e+14, 3.858028e+14, 3.858028e+14, 3.858037e+14
0.0008, 3.858033e+14, 3.858036e+14, 3.858032e+14, 3.858049e+14, 3.858042e+14, 3.858036e+14, 3.858029e+14, 3.858039e+14, 3.858040e+14, 3.858080e+14
0.0009, 3.858053e+14, 3.858065e+14, 3.858050e+14, 3.858114e+14, 3.858087e+14, 3.858067e+14, 3.858042e+14, 3.858077e+14, 3.858079e+14, 3.858228e+14
0.001, 3.858116e+14, 3.858153e+14, 3.858107e+14, 3.858307e+14, 3.858222e+14, 3.858159e+14, 3.858080e+14, 3.858190e+14, 3.858199e+14, 3.858664e+14
0.0011, 3.858283e+14, 3.858387e+14, 3.858254e+14, 3.858812e+14, 3.858576e+14, 3.858403e+14, 3.858180e+14, 3.858487e+14, 3.858519e+14, 3.859778e+14
0.0012, 3.858673e+14, 3.858936e+14, 3.858598e+14, 3.859972e+14, 3.859386e+14, 3.858978e+14, 3.858422e+14, 3.859170e+14, 3.859281e+14, 3.862208e+14
0.0013, 3.859483e+14, 3.860084e+14, 3.859298e+14, 3.862292e+14, 3.860992e+14, 3.860175e+14, 3.858940e+14, 3.860532e+14, 3.860904e+14, 3.866657e+14
0.0014, 3.860961e+14, 3.862217e+14, 3.860539e+14, 3.866299e+14, 3.863709e+14, 3.862344e+14, 3.859926e+14, 3.862850e+14, 3.863951e+14, 3.873469e+14
0.0015, 3.863320e+14, 3.865732e+14, 3.862457e+14, 3.872305e+14, 3.867650e+14, 3.865755e+14, 3.861573e+14, 3.866232e+14, 3.868946e+14, 3.882399e+14
0.0016, 3.866641e+14, 3.870888e+14, 3.865076e+14, 3.880255e+14, 3.872664e+14, 3.870466e+14, 3.863988e+14, 3.870560e+14, 3.876097e+14, 3.892865e+14
0.0017, 3.870841e+14, 3.877687e+14, 3.868324e+14, 3.889801e+14, 3.878454e+14, 3.876333e+14, 3.867143e+14, 3.875597e+14, 3.885188e+14, 3.904293e+14
0.0018, 3.875743e+14, 3.885897e+14, 3.872083e+14, 3.900497e+14, 3.884725e+14, 3.883128e+14, 3.870910e+14, 3.881115e+14, 3.895752e+14, 3.916274e+14
0.0019, 3.881160e+14, 3.895185e+14, 3.876243e+14, 3.911952e+14, 3.891262e+14, 3.890644e+14, 3.875137e+14, 3.886954e+14, 3.907312e+14, 3.928554e+14
0.002, 3.886941e+14, 3.905237e+14, 3.880722e+14, 3.923879e+14, 3.897932e+14, 3.898721e+14, 3.879696e+14, 3.893019e+14, 3.919505e+14, 3.940986e+14
0.0021, 3.892984e+14, 3.915809e+14, 3.885464e+14, 3.936094e+14, 3.904664e+14, 3.907250e+14, 3.884496e+14, 3.899259e+14, 3.932091e+14, 3.953492e+14
0.0022, 3.899220e+14, 3.926729e+14, 3.890435e+14, 3.948484e+14, 3.911421e+14, 3.916153e+14, 3.889476e+14, 3.905648e+14, 3.944927e+14, 3.966033e+14
0.0023, 3.905604e+14, 3.937881e+14, 3.895608e+14, 3.960984e+14, 3.918186e+14, 3.925370e+14, 3.894599e+14, 3.912174e+14, 3.957926e+14, 3.978590e+14
0.0024, 3.912109e+14, 3.949191e+14, 3.900966e+14, 3.973554e+14, 3.924952e+14, 3.934854e+14, 3.899842e+14, 3.918832e+14, 3.971036e+14, 3.991157e+14
0.0025, 3.918714e+14, 3.960610e+14, 3.906494e+14, 3.986172e+14, 3.931715e+14, 3.944564e+14, 3.905190e+14, 3.925619e+14, 3.984225e+14, 4.003733e+14
0.0026, 3.925406e+14, 3.972108e+14, 3.912178e+14, 3.998824e+14, 3.938474e+14, 3.954465e+14, 3.910632e+14, 3.932531e+14, 3.997471e+14, 4.016318e+14
0.0027, 3.932177e+14, 3.983664e+14, 3.918005e+14, 4.011502e+14, 3.945231e+14, 3.964525e+14, 3.916163e+14, 3.939566e+14, 4.010760e+14, 4.028916e+14
0.0028, 3.939019e+14, 3.995264e+14, 3.923966e+14, 4.024199e+14, 3.951985e+14, 3.974717e+14, 3.921775e+14, 3.946720e+14, 4.024079e+14, 4.041526e+14
0.0029, 3.945928e+14, 4.006897e+14, 3.930049e+14, 4.036912e+14, 3.958737e+14, 3.985019e+14, 3.927465e+14, 3.953987e+14, 4.037423e+14, 4.054151e+14
0.003, 3.952899e+14, 4.018558e+14, 3.936246e+14, 4.049638e+14, 3.965488e+14, 3.995412e+14, 3.933227e+14, 3.961363e+14, 4.050782e+14, 4.066792e+14
0.0031, 3.959930e+14, 4.030240e+14, 3.942548e+14, 4.062376e+14, 3.972239e+14, 4.005881e+14, 3.939058e+14, 3.968841e+14, 4.064153e+14, 4.079448e+14
0.0032, 3.967018e+14, 4.041940e+14, 3.948947e+14, 4.075123e+14, 3.978989e+14, 4.016414e+14, 3.944954e+14, 3.976417e+14, 4.077532e+14, 4.092121e+14
0.0033, 3.974161e+14, 4.053654e+14, 3.955437e+14, 4.087878e+14, 3.985739e+14, 4.027001e+14, 3.950911e+14, 3.984083e+14, 4.090916e+14, 4.104810e+14
0.0034, 3.981357e+14, 4.065381e+14, 3.962012e+14, 4.100641e+14, 3.992490e+14, 4.037634e+14, 3.956927e+14, 3.991833e+14, 4.104301e+14, 4.117515e+14
0.0035, 3.988604e+14, 4.077118e+14, 3.968667e+14, 4.113409e+14, 3.999243e+14, 4.048307e+14, 3.962998e+14, 3.999663e+14, 4.117686e+14, 4.130237e+14
0.0036, 3.995900e+14, 4.088863e+14, 3.975396e+14, 4.126183e+14, 4.005997e+14, 4.059015e+14, 3.969121e+14, 4.007566e+14, 4.131069e+14, 4.142973e+14
0.0037, 4.003244e+14, 4.100614e+14, 3.982196e+14, 4.138962e+14, 4.012753e+14, 4.069754e+14, 3.975295e+14, 4.015538e+14, 4.144450e+14, 4.155725e+14
0.0038, 4.010635e+14, 4.112371e+14, 3.989061e+14, 4.151745e+14, 4.019511e+14, 4.080520e+14, 3.981516e+14, 4.023573e+14, 4.157827e+14, 4.168492e+14
0.0039, 4.018072e+14, 4.124132e+14, 3.995990e+14, 4.164532e+14, 4.026272e+14, 4.091311e+14, 3.987783e+14, 4.031668e+14, 4.171200e+14, 4.181273e+14
0.004, 4.025553e+14, 4.135896e+14, 4.002979e+14, 4.177321e+14, 4.033036e+14, 4.102125e+14, 3.994093e+14, 4.039818e+14, 4.184569e+14, 4.194068e+14
0.0041, 4.033076e+14, 4.147662e+14, 4.010024e+14, 4.190113e+14, 4.039804e+14, 4.112960e+14, 4.000445e+14, 4.048019e+14, 4.197932e+14, 4.206877e+14
0.0042, 4.040642e+14, 4.159430e+14, 4.017124e+14, 4.202907e+14, 4.046575e+14, 4.123814e+14, 4.006836e+14, 4.056269e+14, 4.211291e+14, 4.219699e+14
0.0043, 4.048248e+14, 4.171198e+14, 4.024275e+14, 4.215703e+14, 4.053351e+14, 4.134686e+14, 4.013266e+14, 4.064564e+14, 4.224645e+14, 4.232534e+14
0.0044, 4.055895e+14, 4.182966e+14, 4.031476e+14, 4.228500e+14, 4.060131e+14, 4.145575e+14, 4.019732e+14, 4.072902e+14, 4.237993e+14, 4.245380e+14
0.0045, 4.063580e+14, 4.194734e+14, 4.038725e+14, 4.241297e+14, 4.066916e+14, 4.156480e+14, 4.026234e+14, 4.081279e+14, 4.251337e+14, 4.258239e+14
0.0046, 4.071304e+14, 4.206501e+14, 4.046020e+14, 4.254096e+14, 4.073707e+14, 4.167399e+14, 4.032770e+14, 4.089695e+14, 4.264676e+14, 4.271110e+14
0.0047, 4.079065e+14, 4.218266e+14, 4.053359e+14, 4.266895e+14, 4.080503e+14, 4.178332e+14, 4.039338e+14, 4.098147e+14, 4.278011e+14, 4.283991e+14
0.0048, 4.086862e+14, 4.230030e+14, 4.060740e+14, 4.279694e+14, 4.087305e+14, 4.189278e+14, 4.045939e+14, 4.106633e+14, 4.291342e+14, 4.296883e+14
0.0049, 4.094695e+14, 4.241791e+14, 4.068163e+14, 4.292493e+14, 4.094113e+14, 4.200236e+14, 4.052571e+14, 4.115151e+14, 4.304668e+14, 4.309786e+14
0.005, 4.102563e+14, 4.253550e+14, 4.075626e+14, 4.305291e+14, 4.100928e+14, 4.211207e+14, 4.059233e+14, 4.123700e+14, 4.317991e+14, 4.322699e+14
0.0051, 4.110465e+14, 4.265306e+14, 4.083127e+14, 4.318090e+14, 4.107750e+14, 4.222189e+14, 4.065924e+14, 4.132279e+14, 4.331310e+14, 4.335621e+14
0.0052, 4.118401e+14, 4.277060e+14, 4.090666e+14, 4.330888e+14, 4.114579e+14, 4.233181e+14, 4.072643e+14, 4.140886e+14, 4.344625e+14, 4.348553e+14
0.0053, 4.126370e+14, 4.288810e+14, 4.098241e+14, 4.343685e+14, 4.121415e+14, 4.244184e+14, 4.079390e+14, 4.149520e+14, 4.357938e+14, 4.361493e+14
0.0054, 4.134371e+14, 4.300556e+14, 4.105851e+14, 4.356481e+14, 4.128259e+14, 4.255197e+14, 4.086164e+14, 4.158181e+14, 4.371248e+14, 4.374443e+14
0.0055, 4.142404e+14, 4.312300e+14, 4.113496e+14, 4.369277e+14, 4.135110e+14, 4.266219e+14, 4.092964e+14, 4.166867e+14, 4.384555e+14, 4.387401e+14
0.0056, 4.150468e+14, 4.324039e+14, 4.121174e+14, 4.382072e+14, 4.141969e+14, 4.277250e+14, 4.099790e+14, 4.175577e+14, 4.397859e+14, 4.400367e+14
0.0057, 4.158563e+14, 4.335775e+14, 4.128885e+14, 4.394866e+14, 4.148837e+14, 4.288290e+14, 4.106641e+14, 4.184311e+14, 4.411162e+14, 4.413342e+14
0.0058, 4.166688e+14, 4.347506e+14, 4.136628e+14, 4.407659e+14, 4.155712e+14, 4.299338e+14, 4.113516e+14, 4.193068e+14, 4.424462e+14, 4.426323e+14
0.0059, 4.174842e+14, 4.359234e+14, 4.144401e+14, 4.420451e+14, 4.162596e+14, 4.310394e+14, 4.120415e+14, 4.201847e+14, 4.437761e+14, 4.439313e+14
0.006, 4.183026e+14, 4.370958e+14, 4.152205e+14, 4.433242e+14, 4.169488e+14, 4.321458e+14, 4.127338e+14, 4.210648e+14, 4.451058e+14, 4.452309e+14
0.0061, 4.191239e+14, 4.382678e+14, 4.160038e+14, 4.446032e+14, 4.176388e+14, 4.332529e+14, 4.134283e+14, 4.219470e+14, 4.464354e+14, 4.465313e+14
0.0062, 4.199480e+14, 4.394393e+14, 4.167900e+14, 4.458821e+14, 4.183298e+14, 4.343608e+14, 4.141251e+14, 4.228312e+14, 4.477648e+14, 4.478323e+14
0.0063, 4.207748e+14, 4.406104e+14, 4.175790e+14, 4.471609e+14, 4.190215e+14, 4.354694e+14, 4.148241e+14, 4.237175e+14, 4.490942e+14, 4.491340e+14
0.0064, 4.216044e+14, 4.417811e+14, 4.183708e+14, 4.484396e+14, 4.197141e+14, 4.365786e+14, 4.155252e+14, 4.246057e+14, 4.504235e+14, 4.504363e+14
0.0065, 4.224368e+14, 4.429514e+14, 4.191652e+14, 4.497182e+14, 4.204076e+14, 4.376885e+14, 4.162284e+14, 4.254958e+14, 4.517527e+14, 4.517393e+14
0.0066, 4.232718e+14, 4.441212e+14, 4.199623e+14, 4.509968e+14, 4.211020e+14, 4.387990e+14, 4.169337e+14, 4.263878e+14, 4.530818e+14, 4.530429e+14
0.0067, 4.241094e+14, 4.452906e+14, 4.207620e+14, 4.522752e+14, 4.217972e+14, 4.399102e+14, 4.176411e+14, 4.272816e+14, 4.544109e+14, 4.543470e+14
0.0068, 4.249496e+14, 4.464596e+14, 4.215642e+14, 4.535536e+14, 4.224933e+14, 4.410219e+14, 4.183504e+14, 4.281773e+14, 4.557400e+14, 4.556518e+14
0.0069, 4.257924e+14, 4.476281e+14, 4.223689e+14, 4.548319e+14, 4.231902e+14, 4.421342e+14, 4.190617e+14, 4.290747e+14, 4.570691e+14, 4.569571e+14
0.007, 4.266377e+14, 4.487962e+14, 4.231760e+14, 4.561101e+14, 4.238880e+14, 4.432471e+14, 4.197749e+14, 4.299739e+14, 4.583982e+14, 4.582629e+14
0.0071, 4.274855e+14, 4.499639e+14, 4.239855e+14, 4.573883e+14, 4.245867e+14, 4.443606e+14, 4.204900e+14, 4.308748e+14, 4.597273e+14, 4.595693e+14
0.0072, 4.283357e+14, 4.511312e+14, 4.247974e+14, 4.586664e+14, 4.252862e+14, 4.454746e+14, 4.212070e+14, 4.317774e+14, 4.610564e+14, 4.608762e+14
0.0073, 4.291884e+14, 4.522980e+14, 4.256115e+14, 4.599444e+14, 4.259865e+14, 4.465891e+14, 4.219257e+14, 4.326816e+14, 4.623856e+14, 4.621837e+14
0.0074, 4.300435e+14, 4.534644e+14, 4.264279e+14, 4.612224e+14, 4.266877e+14, 4.477042e+14, 4.226463e+14, 4.335875e+14, 4.637148e+14, 4.634916e+14
0.0075, 4.309010e+14, 4.546304e+14, 4.272465e+14, 4.625004e+14, 4.273898e+14, 4.488197e+14, 4.233686e+14, 4.344950e+14, 4.650440e+14, 4.648000e+14
0.0076, 4.317608e+14, 4.557960e+14, 4.280673e+14, 4.637783e+14, 4.280926e+14, 4.499358e+14, 4.240926e+14, 4.354041e+14, 4.663734e+14, 4.661089e+14
0.0077, 4.326229e+14, 4.569612e+14, 4.288903e+14, 4.650561e+14, 4.287963e+14, 4.510523e+14, 4.248184e+14, 4.363147e+14, 4.677028e+14, 4.674182e+14
0.0078, 4.334873e+14, 4.581260e+14, 4.297153e+14, 4.663340e+14, 4.295009e+14, 4.521693e+14, 4.255458e+14, 4.372269e+14, 4.690323e+14, 4.687281e+14
0.0079, 4.343540e+14, 4.592903e+14, 4.305425e+14, 4.676118e+14, 4.302062e+14, 4.532868e+14, 4.262748e+14, 4.381406e+14, 4.703619e+14, 4.700383e+14
0.008, 4.352229e+14, 4.604543e+14, 4.313716e+14, 4.688896e+14, 4.309124e+14, 4.544047e+14, 4.270055e+14, 4.390558e+14, 4.716916e+14, 4.713491e+14
0.0081, 4.360940e+14, 4.616179e+14, 4.322028e+14, 4.701674e+14, 4.316193e+14, 4.555231e+14, 4.277378e+14, 4.399725e+14, 4.730214e+14, 4.726602e+14
0.0082, 4.369673e+14, 4.627811e+14, 4.330359e+14, 4.714452e+14, 4.323271e+14, 4.566420e+14, 4.284716e+14, 4.408907e+14, 4.743513e+14, 4.739718e+14
0.0083, 4.378427e+14, 4.639439e+14, 4.338710e+14, 4.727229e+14, 4.330356e+14, 4.577612e+14, 4.292070e+14, 4.418103e+14, 4.756814e+14, 4.752838e+14
0.0084, 4.387203e+14, 4.651063e+14, 4.347081e+14, 4.740007e+14, 4.337450e+14, 4.588809e+14, 4.299438e+14, 4.427314e+14, 4.770116e+14, 4.765962e+14
0.0085, 4.396000e+14, 4.662684e+14, 4.355470e+14, 4.752785e+14, 4.344551e+14, 4.600011e+14, 4.306822e+14, 4.436538e+14, 4.783419e+14, 4.779090e+14
0.0086, 4.404818e+14, 4.674300e+14, 4.363877e+14, 4.765563e+14, 4.351660e+14, 4.611216e+14, 4.314221e+14, 4.445777e+14, 4.796724e+14, 4.792223e+14
0.0087, 4.413657e+14, 4.685914e+14, 4.372303e+14, 4.778342e+14, 4.358776e+14, 4.622426e+14, 4.321633e+14, 4.455030e+14, 4.810030e+14, 4.805359e+14
0.0088, 4.422515e+14, 4.697523e+14, 4.380748e+14, 4.791120e+14, 4.365901e+14, 4.633640e+14, 4.329061e+14, 4.464296e+14, 4.823337e+14, 4.818499e+14
0.0089, 4.431395e+14, 4.709129e+14, 4.389210e+14, 4.803899e+14, 4.373032e+14, 4.644858e+14, 4.336502e+14, 4.473576e+14, 4.836647e+14, 4.831643e+14
0.009, 4.440294e+14, 4.720732e+14, 4.397689e+14, 4.816678e+14, 4.380171e+14, 4.656080e+14, 4.343957e+14, 4.482869e+14, 4.849958e+14, 4.844790e+14
0.0091, 4.449213e+14, 4.732331e+14, 4.406186e+14, 4.829458e+14, 4.387318e+14, 4.667305e+14, 4.351426e+14, 4.492175e+14, 4.863270e+14, 4.857942e+14
0.0092, 4.458151e+14, 4.743927e+14, 4.414701e+14, 4.842238e+14, 4.394472e+14, 4.678535e+14, 4.358908e+14, 4.501495e+14, 4.876584e+14, 4.871097e+14
0.0093, 4.467109e+14, 4.755519e+14, 4.423232e+14, 4.855019e+14, 4.401633e+14, 4.689769e+14, 4.366404e+14, 4.510828e+14, 4.889900e+14, 4.884255e+14
0.0094, 4.476086e+14, 4.767108e+14, 4.431780e+14, 4.867800e+14, 4.408801e+14, 4.701006e+14, 4.373912e+14, 4.520173e+14, 4.903218e+14, 4.897418e+14
0.0095, 4.485082e+14, 4.778694e+14, 4.440344e+14, 4.880582e+14, 4.415977e+14, 4.712247e+14, 4.381434e+14, 4.529531e+14, 4.916538e+14, 4.910584e+14
0.0096, 4.494097e+14, 4.790277e+14, 4.448925e+14, 4.893365e+14, 4.423159e+14, 4.723492e+14, 4.388968e+14, 4.538902e+14, 4.929859e+14, 4.923753e+14
0.0097, 4.503131e+14, 4.801856e+14, 4.457522e+14, 4.906148e+14, 4.430349e+14, 4.734741e+14, 4.396515e+14, 4.548285e+14, 4.943183e+14, 4.936926e+14
0.0098, 4.512183e+14, 4.813433e+14, 4.466135e+14, 4.918932e+14, 4.437545e+14, 4.745994e+14, 4.404074e+14, 4.557681e+14, 4.956508e+14, 4.950102e+14
0.0099, 4.521253e+14, 4.825006e+14, 4.474764e+14, 4.931717e+14, 4.444749e+14, 4.757250e+14, 4.411646e+14, 4.567089e+14, 4.969835e+14, 4.963281e+14
0.01, 4.530341e+14, 4.836576e+14, 4.483408e+14, 4.944503e+14, 4.451959e+14, 4.768510e+14, 4.419230e+14, 4.576509e+14, 4.983164e+14, 4.976464e+14
0.0101, 4.539447e+14, 4.848144e+14, 4.492068e+14, 4.957290e+14, 4.459176e+14, 4.779773e+14, 4.426825e+14, 4.585940e+14, 4.996496e+14, 4.989650e+14
0.0102, 4.548571e+14, 4.859708e+14, 4.500742e+14, 4.970077e+14, 4.466400e+14, 4.791040e+14, 4.434432e+14, 4.595384e+14, 5.009829e+14, 5.002840e+14
0.0103, 4.557713e+14, 4.871270e+14, 4.509432e+14, 4.982866e+14, 4.473630e+14, 4.802311e+14, 4.442051e+14, 4.604840e+14, 5.023164e+14, 5.016032e+14
0.0104, 4.566871e+14, 4.882829e+14, 4.518137e+14, 4.995656e+14, 4.480868e+14, 4.813585e+14, 4.449682e+14, 4.614307e+14, 5.036501e+14, 5.029228e+14
0.0105, 4.576047e+14, 4.894385e+14, 4.526857e+14, 5.008446e+14, 4.488111e+14, 4.824862e+14, 4.457323e+14, 4.623786e+14, 5.049840e+14, 5.042427e+14
0.0106, 4.585240e+14, 4.905939e+14, 4.535591e+14, 5.021238e+14, 4.495362e+14, 4.836144e+14, 4.464976e+14, 4.633276e+14, 5.063182e+14, 5.055629e+14
0.0107, 4.594450e+14, 4.917489e+14, 4.544339e+14, 5.034031e+14, 4.502618e+14, 4.847428e+14, 4.472640e+14, 4.642777e+14, 5.076525e+14, 5.068834e+14
0.0108, 4.603677e+14, 4.929038e+14, 4.553102e+14, 5.046825e+14, 4.509881e+14, 4.858716e+14, 4.480315e+14, 4.652290e+14, 5.089871e+14, 5.082043e+14
0.0109, 4.612920e+14, 4.940583e+14, 4.561879e+14, 5.059621e+14, 4.517151e+14, 4.870008e+14, 4.488001e+14, 4.661814e+14, 5.103218e+14, 5.095254e+14
0.011, 4.622180e+14, 4.952126e+14, 4.570670e+14, 5.072417e+14, 4.524427e+14, 4.881303e+14, 4.495697e+14, 4.671349e+14, 5.116568e+14, 5.108469e+14
0.0111, 4.631456e+14, 4.963667e+14, 4.579475e+14, 5.085215e+14, 4.531709e+14, 4.892602e+14, 4.503404e+14, 4.680895e+14, 5.129920e+14, 5.121686e+14
0.0112, 4.640748e+14, 4.975205e+14, 4.588294e+14, 5.098014e+14, 4.538997e+14, 4.903904e+14, 4.511122e+14, 4.690451e+14, 5.143274e+14, 5.134906e+14
0.0113, 4.650056e+14, 4.986741e+14, 4.597126e+14, 5.110815e+14, 4.546292e+14, 4.915209e+14, 4.518850e+14, 4.700019e+14, 5.156630e+14, 5.148130e+14
0.0114, 4.659380e+14, 4.998275e+14, 4.605971e+14, 5.123617e+14, 4.553592e+14, 4.926518e+14, 4.526587e+14, 4.709597e+14, 5.169988e+14, 5.161356e+14
0.0115, 4.668719e+14, 5.009806e+14, 4.614830e+14, 5.136420e+14, 4.560899e+14, 4.937830e+14, 4.534336e+14, 4.719185e+14, 5.183348e+14, 5.174585e+14
0.0116, 4.678074e+14, 5.021335e+14, 4.623702e+14, 5.149225e+14, 4.568212e+14, 4.949145e+14, 4.542094e+14, 4.728784e+14, 5.196711e+14, 5.187817e+14
0.0117, 4.687445e+14, 5.032862e+14, 4.632587e+14, 5.162031e+14, 4.575530e+14, 4.960464e+14, 4.549861e+14, 4.738393e+14, 5.210075e+14, 5.201052e+14
0.0118, 4.696831e+14, 5.044387e+14, 4.641486e+14, 5.174839e+14, 4.582855e+14, 4.971786e+14, 4.557639e+14, 4.748013e+14, 5.223442e+14, 5.214289e+14
0.0119, 4.706232e+14, 5.055909e+14, 4.650397e+14, 5.187648e+14, 4.590186e+14, 4.983112e+14, 4.565426e+14, 4.757642e+14, 5.236811e+14, 5.227530e+14
0.012, 4.715647e+14, 5.067430e+14, 4.659320e+14, 5.200459e+14, 4.597522e+14, 4.994441e+14, 4.573223e+14, 4.767282e+14, 5.250182e+14, 5.240773e+14
0.0121, 4.725078e+14, 5.078948e+14, 4.668256e+14, 5.213271e+14, 4.604864e+14, 5.005773e+14, 4.581030e+14, 4.776932e+14, 5.263555e+14, 5.254019e+14
0.0122, 4.734524e+14, 5.090464e+14, 4.677205e+14, 5.226085e+14, 4.612212e+14, 5.017108e+14, 4.588845e+14, 4.786591e+14, 5.276931e+14, 5.267268e+14
0.0123, 4.743984e+14, 5.101979e+14, 4.686166e+14, 5.238900e+14, 4.619566e+14, 5.028447e+14, 4.596670e+14, 4.796261e+14, 5.290308e+14, 5.280520e+14
0.0124, 4.753459e+14, 5.113491e+14, 4.695140e+14, 5.251718e+14, 4.626926e+14, 5.039789e+14, 4.604505e+14, 4.805940e+14, 5.303688e+14, 5.293774e+14
0.0125, 4.762948e+14, 5.125002e+14, 4.704125e+14, 5.264536e+14, 4.634291e+14, 5.051134e+14, 4.612348e+14, 4.815629e+14, 5.317069e+14, 5.307031e+14
0.0126, 4.772451e+14, 5.136511e+14, 4.713123e+14, 5.277357e+14, 4.641662e+14, 5.062482e+14, 4.620200e+14, 4.825327e+14, 5.330453e+14, 5.320290e+14
0.0127, 4.781968e+14, 5.148018e+14, 4.722132e+14, 5.290179e+14, 4.649038e+14, 5.073834e+14, 4.628061e+14, 4.835035e+14, 5.343839e+14, 5.333552e+14
0.0128, 4.791500e+14, 5.159523e+14, 4.731154e+14, 5.303003e+14, 4.656420e+14, 5.085189e+14, 4.635931e+14, 4.844752e+14, 5.357227e+14, 5.346817e+14
0.0129, 4.801045e+14, 5.171026e+14, 4.740187e+14, 5.315829e+14, 4.663808e+14, 5.096547e+14, 4.643810e+14, 4.854479e+14, 5.370617e+14, 5.360084e+14
0.013, 4.810604e+14, 5.182528e+14, 4.749232e+14, 5.328656e+14, 4.671201e+14, 5.107909e+14, 4.651698e+14, 4.864214e+14, 5.384010e+14, 5.373354e+14
0.0131, 4.820177e+14, 5.194028e+14, 4.758288e+14, 5.341485e+14, 4.678599e+14, 5.119273e+14, 4.659594e+14, 4.873959e+14, 5.397404e+14, 5.386627e+14
0.0132, 4.829763e+14, 5.205527e+14, 4.767356e+14, 5.354316e+14, 4.686003e+14, 5.130641e+14, 4.667498e+14, 4.883713e+14, 5.410801e+14, 5.399902e+14
0.0133, 4.839363e+14, 5.217024e+14, 4.776435e+14, 5.367149e+14, 4.693412e+14, 5.142012e+14, 4.675411e+14, 4.893476e+14, 5.424199e+14, 5.413180e+14
0.0134, 4.848975e+14, 5.228519e+14, 4.785526e+14, 5.379984e+14, 4.700827e+14, 5.153387e+14, 4.683332e+14, 4.903248e+14, 5.437600e+14, 5.426460e+14
0.0135, 4.858602e+14, 5.240013e+14, 4.794627e+14, 5.392820e+14, 4.708247e+14, 5.164764e+14, 4.691262e+14, 4.913029e+14, 5.451002e+14, 5.439743e+14
0.0136, 4.868241e+14, 5.251505e+14, 4.803740e+14, 5.405659e+14, 4.715672e+14, 5.176145e+14, 4.699199e+14, 4.922818e+14, 5.464407e+14, 5.453028e+14
0.0137, 4.877893e+14, 5.262996e+14, 4.812864e+14, 5.418499e+14, 4.723103e+14, 5.187529e+14, 4.707145e+14, 4.932616e+14, 5.477814e+14, 5.466315e+14
0.0138, 4.887558e+14, 5.274485e+14, 4.821999e+14, 5.431341e+14, 4.730538e+14, 5.198915e+14, 4.715099e+14, 4.942423e+14, 5.491223e+14, 5.479605e+14
0.0139, 4.897236e+14, 5.285973e+14, 4.831144e+14, 5.444185e+14, 4.737979e+14, 5.210306e+14, 4.723061e+14, 4.952238e+14, 5.504633e+14, 5.492898e+14
0.014, 4.906927e+14, 5.297460e+14, 4.840300e+14, 5.457031e+14, 4.745425e+14, 5.221699e+14, 4.731030e+14, 4.962062e+14, 5.518046e+14, 5.506193e+14
0.0141, 4.916630e+14, 5.308945e+14, 4.849467e+14, 5.469879e+14, 4.752877e+14, 5.233095e+14, 4.739008e+14, 4.971894e+14, 5.531461e+14, 5.519490e+14
0.0142, 4.926345e+14, 5.320429e+14, 4.858645e+14, 5.482729e+14, 4.760333e+14, 5.244495e+14, 4.746993e+14, 4.981735e+14, 5.544878e+14, 5.532790e+14
0.0143, 4.936073e+14, 5.331911e+14, 4.867833e+14, 5.495580e+14, 4.767794e+14, 5.255898e+14, 4.754986e+14, 4.991583e+14, 5.558297e+14, 5.546092e+14
0.0144, 4.945814e+14, 5.343393e+14, 4.877031e+14, 5.508434e+14, 4.775261e+14, 5.267303e+14, 4.762987e+14, 5.001440e+14, 5.571718e+14, 5.559396e+14
0.0145, 4.955566e+14, 5.354873e+14, 4.886240e+14, 5.521290e+14, 4.782732e+14, 5.278712e+14, 4.770995e+14, 5.011305e+14, 5.585140e+14, 5.572703e+14
0.0146, 4.965330e+14, 5.366351e+14, 4.895459e+14, 5.534147e+14, 4.790209e+14, 5.290124e+14, 4.779011e+14, 5.021179e+14, 5.598565e+14, 5.586012e+14
0.0147, 4.975107e+14, 5.377829e+14, 4.904688e+14, 5.547007e+14, 4.797690e+14, 5.301539e+14, 4.787034e+14, 5.031060e+14, 5.611992e+14, 5.599323e+14
0.0148, 4.984895e+14, 5.389306e+14, 4.913927e+14, 5.559868e+14, 4.805177e+14, 5.312958e+14, 4.795065e+14, 5.040949e+14, 5.625420e+14, 5.612637e+14
0.0149, 4.994695e+14, 5.400781e+14, 4.923177e+14, 5.572732e+14, 4.812668e+14, 5.324379e+14, 4.803102e+14, 5.050845e+14, 5.638851e+14, 5.625953e+14
0.015, 5.004507e+14, 5.412255e+14, 4.932436e+14, 5.585598e+14, 4.820164e+14, 5.335803e+14, 4.811148e+14, 5.060750e+14, 5.652283e+14, 5.639271e+14
0.0151, 5.014330e+14, 5.423729e+14, 4.941705e+14, 5.598465e+14, 4.827665e+14, 5.347231e+14, 4.819200e+14, 5.070662e+14, 5.665717e+14, 5.652591e+14
0.0152, 5.024165e+14, 5.435201e+14, 4.950984e+14, 5.611335e+14, 4.835171e+14, 5.358661e+14, 4.827259e+14, 5.080582e+14, 5.679154e+14, 5.665914e+14
0.0153, 5.034011e+14, 5.446672e+14, 4.960273e+14, 5.624207e+14, 4.842682e+14, 5.370095e+14, 4.835326e+14, 5.090510e+14, 5.692592e+14, 5.679239e+14
0.0154, 5.043869e+14, 5.458142e+14, 4.969571e+14, 5.637080e+14, 4.850197e+14, 5.381531e+14, 4.843400e+14, 5.100445e+14, 5.706032e+14, 5.692566e+14
0.0155, 5.053738e+14, 5.469611e+14, 4.978879e+14, 5.649956e+14, 4.857717e+14, 5.392971e+14, 4.851480e+14, 5.110387e+14, 5.719473e+14, 5.705895e+14
0.0156, 5.063618e+14, 5.481079e+14, 4.988196e+14, 5.662834e+14, 4.865242e+14, 5.404413e+14, 4.859568e+14, 5.120337e+14, 5.732917e+14, 5.719226e+14
0.0157, 5.073509e+14, 5.492546e+14, 4.997523e+14, 5.675714e+14, 4.872772e+14, 5.415859e+14, 4.867662e+14, 5.130294e+14, 5.746362e+14, 5.732560e+14
0.0158, 5.083411e+14, 5.504013e+14, 5.006859e+14, 5.688596e+14, 4.880306e+14, 5.427308e+14, 4.875763e+14, 5.140259e+14, 5.759810e+14, 5.745896e+14
0.0159, 5.093324e+14, 5.515478e+14, 5.016205e+14, 5.701480e+14, 4.887845e+14, 5.438759e+14, 4.883871e+14, 5.150230e+14, 5.773259e+14, 5.759233e+14
0.016, 5.103248e+14, 5.526942e+14, 5.025560e+14, 5.714366e+14, 4.895389e+14, 5.450214e+14, 4.891986e+14, 5.160209e+14, 5.786709e+14, 5.772573e+14
0.0161, 5.113182e+14, 5.538406e+14, 5.034924e+14, 5.727254e+14, 4.902937e+14, 5.461672e+14, 4.900107e+14, 5.170195e+14, 5.800162e+14, 5.785915e+14
0.0162, 5.123127e+14, 5.549869e+14, 5.044297e+14, 5.740144e+14, 4.910490e+14, 5.473132e+14, 4.908235e+14, 5.180188e+14, 5.813616e+14, 5.799259e+14
0.0163, 5.133083e+14, 5.561331e+14, 5.053679e+14, 5.753036e+14, 4.918047e+14, 5.484596e+14, 4.916369e+14, 5.190188e+14, 5.827072e+14, 5.812605e+14
0.0164, 5.143049e+14, 5.572792e+14, 5.063070e+14, 5.765931e+14, 4.925609e+14, 5.496063e+14, 4.924510e+14, 5.200194e+14, 5.840530e+14, 5.825954e+14
0.0165, 5.153025e+14, 5.584252e+14, 5.072470e+14, 5.778827e+14, 4.933176e+14, 5.507532e+14, 4.932658e+14, 5.210208e+14, 5.853990e+14, 5.839304e+14
0.0166, 5.163012e+14, 5.595712e+14, 5.081879e+14, 5.791726e+14, 4.940747e+14, 5.519005e+14, 4.940811e+14, 5.220228e+14, 5.867451e+14, 5.852656e+14
0.0167, 5.173009e+14, 5.607171e+14, 5.091296e+14, 5.804626e+14, 4.948322e+14, 5.530480e+14, 4.948971e+14, 5.230256e+14, 5.880914e+14, 5.866010e+14
0.0168, 5.183016e+14, 5.618629e+14, 5.100723e+14, 5.817529e+14, 4.955902e+14, 5.541958e+14, 4.957138e+14, 5.240289e+14, 5.894378e+14, 5.879366e+14
0.0169, 5.193034e+14, 5.630086e+14, 5.110157e+14, 5.830434e+14, 4.963486e+14, 5.553440e+14, 4.965311e+14, 5.250330e+14, 5.907845e+14, 5.892724e+14
0.017, 5.203061e+14, 5.641543e+14, 5.119601e+14, 5.843341e+14, 4.971075e+14, 5.564924e+14, 4.973490e+14, 5.260377e+14, 5.921313e+14, 5.906085e+14
0.0171, 5.213098e+14, 5.652999e+14, 5.129053e+14, 5.856250e+14, 4.978668e+14, 5.576411e+14, 4.981675e+14, 5.270430e+14, 5.934782e+14, 5.919447e+14
0.0172, 5.223145e+14, 5.664454e+14, 5.138514e+14, 5.869161e+14, 4.986266e+14, 5.587901e+14, 4.989866e+14, 5.280490e+14, 5.948253e+14, 5.932811e+14
0.0173, 5.233202e+14, 5.675909e+14, 5.147983e+14, 5.882074e+14, 4.993867e+14, 5.599394e+14, 4.998063e+14, 5.290556e+14, 5.961726e+14, 5.946177e+14
0.0174, 5.243269e+14, 5.687363e+14, 5.157460e+14, 5.894989e+14, 5.001473e+14, 5.610889e+14, 5.006267e+14, 5.300629e+14, 5.975201e+14, 5.959544e+14
0.0175, 5.253345e+14, 5.698816e+14, 5.166946e+14, 5.907907e+14, 5.009084e+14, 5.622388e+14, 5.014476e+14, 5.310708e+14, 5.988677e+14, 5.972914e+14
0.0176, 5.263431e+14, 5.710269e+14, 5.176439e+14, 5.920826e+14, 5.016698e+14, 5.633889e+14, 5.022691e+14, 5.320793e+14, 6.002154e+14, 5.986286e+14
0.0177, 5.273526e+14, 5.721721e+14, 5.185941e+14, 5.933748e+14, 5.024317e+14, 5.645393e+14, 5.030912e+14, 5.330884e+14, 6.015634e+14, 5.999659e+14
0.0178, 5.283630e+14, 5.733173e+14, 5.195452e+14, 5.946671e+14, 5.031940e+14, 5.656900e+14, 5.039139e+14, 5.340982e+14, 6.029114e+14, 6.013034e+14
0.0179, 5.293744e+14, 5.744624e+14, 5.204970e+14, 5.959597e+14, 5.039568e+14, 5.668410e+14, 5.047372e+14, 5.351085e+14, 6.042597e+14, 6.026412e+14
0.018, 5.303868e+14, 5.756075e+14, 5.214496e+14, 5.972525e+14, 5.047199e+14, 5.679923e+14, 5.055611e+14, 5.361195e+14, 6.056080e+14, 6.039791e+14
0.0181, 5.314000e+14, 5.767525e+14, 5.224030e+14, 5.985455e+14, 5.054835e+14, 5.691439e+14, 5.063855e+14, 5.371310e+14, 6.069566e+14, 6.053171e+14
0.0182, 5.324141e+14, 5.778974e+14, 5.233572e+14, 5.998387e+14, 5.062474e+14, 5.702957e+14, 5.072105e+14, 5.381432e+14, 6.083052e+14, 6.066554e+14
0.0183, 5.334292e+14, 5.790423e+14, 5.243122e+14, 6.011321e+14, 5.070118e+14, 5.714478e+14, 5.080361e+14, 5.391559e+14, 6.096541e+14, 6.079938e+14
0.0184, 5.344452e+14, 5.801872e+14, 5.252680e+14, 6.024257e+14, 5.077766e+14, 5.726002e+14, 5.088622e+14, 5.401692e+14, 6.110030e+14, 6.093324e+14
0.0185, 5.354620e+14, 5.813320e+14, 5.262245e+14, 6.037195e+14, 5.085418e+14, 5.737528e+14, 5.096889e+14, 5.411831e+14, 6.123522e+14, 6.106712e+14
0.0186, 5.364798e+14, 5.824767e+14, 5.271818e+14, 6.050135e+14, 5.093075e+14, 5.749058e+14, 5.105162e+14, 5.421975e+14, 6.137014e+14, 6.120102e+14
0.0187, 5.374984e+14, 5.836214e+14, 5.281399e+14, 6.063077e+14, 5.100735e+14, 5.760590e+14, 5.113440e+14, 5.432126e+14, 6.150509e+14, 6.133493e+14
0.0188, 5.385179e+14, 5.847661e+14, 5.290987e+14, 6.076022e+14, 5.108399e+14, 5.772124e+14, 5.121723e+14, 5.442282e+14, 6.164004e+14, 6.146886e+14
0.0189, 5.395382e+14, 5.859107e+14, 5.300583e+14, 6.088968e+14, 5.116067e+14, 5.783662e+14, 5.130012e+14, 5.452443e+14, 6.177501e+14, 6.160280e+14
0.019, 5.405594e+14, 5.870553e+14, 5.310186e+14, 6.101917e+14, 5.123739e+14, 5.795202e+14, 5.138306e+14, 5.462610e+14, 6.190999e+14, 6.173677e+14
0.0191, 5.415815e+14, 5.881998e+14, 5.319797e+14, 6.114867e+14, 5.131416e+14, 5.806745e+14, 5.146606e+14, 5.472782e+14, 6.204499e+14, 6.187075e+14
0.0192, 5.426044e+14, 5.893443e+14, 5.329415e+14, 6.127820e+14, 5.139096e+14, 5.818291e+14, 5.154911e+14, 5.482960e+14, 6.218000e+14, 6.200474e+14
0.0193, 5.436281e+14, 5.904887e+14, 5.339040e+14, 6.140775e+14, 5.146780e+14, 5.829839e+14, 5.163221e+14, 5.493143e+14, 6.231503e+14, 6.213876e+14
0.0194, 5.446527e+14, 5.916331e+14, 5.348672e+14, 6.153731e+14, 5.154467e+14, 5.841390e+14, 5.171536e+14, 5.503332e+14, 6.245007e+14, 6.227279e+14
0.0195, 5.456781e+14, 5.927775e+14, 5.358312e+14, 6.166690e+14, 5.162159e+14, 5.852943e+14, 5.179857e+14, 5.513526e+14, 6.258512e+14, 6.240683e+14
0.0196, 5.467044e+14, 5.939218e+14, 5.367959e+14, 6.179651e+14, 5.169855e+14, 5.864500e+14, 5.188182e+14, 5.523725e+14, 6.272018e+14, 6.254089e+14
0.0197, 5.477314e+14, 5.950661e+14, 5.377613e+14, 6.192614e+14, 5.177554e+14, 5.876058e+14, 5.196513e+14, 5.533929e+14, 6.285526e+14, 6.267497e+14
0.0198, 5.487593e+14, 5.962104e+14, 5.387274e+14, 6.205579e+14, 5.185258e+14, 5.887620e+14, 5.204849e+14, 5.544138e+14, 6.299035e+14, 6.280906e+14
0.0199, 5.497879e+14, 5.973546e+14, 5.396942e+14, 6.218545e+14, 5.192965e+14, 5.899184e+14, 5.213190e+14, 5.554353e+14, 6.312546e+14, 6.294317e+14
0.02, 5.508174e+14, 5.984988e+14, 5.406617e+14, 6.231514e+14, 5.200676e+14, 5.910750e+14, 5.221536e+14, 5.564572e+14, 6.326057e+14, 6.307729e+14
0.0201, 5.518476e+14, 5.996429e+14, 5.416299e+14, 6.244485e+14, 5.208390e+14, 5.922320e+14, 5.229887e+14, 5.574796e+14, 6.339570e+14, 6.321143e+14
0.0202, 5.528787e+14, 6.007871e+14, 5.425988e+14, 6.257458e+14, 5.216109e+14, 5.933891e+14, 5.238243e+14, 5.585026e+14, 6.353084e+14, 6.334558e+14
0.0203, 5.539105e+14, 6.019311e+14, 5.435683e+14, 6.270433e+14, 5.223831e+14, 5.945466e+14, 5.246603e+14, 5.595260e+14, 6.366600e+14, 6.347975e+14
0.0204, 5.549431e+14, 6.030752e+14, 5.445385e+14, 6.283410e+14, 5.231556e+14, 5.957042e+14, 5.254969e+14, 5.605500e+14, 6.380116e+14, 6.361394e+14
0.0205, 5.559764e+14, 6.042192e+14, 5.455094e+14, 6.296389e+14, 5.239286e+14, 5.968622e+14, 5.263340e+14, 5.615744e+14, 6.393634e+14, 6.374813e+14
0.0206, 5.570105e+14, 6.053632e+14, 5.464810e+14, 6.309370e+14, 5.247019e+14, 5.980203e+14, 5.271715e+14, 5.625992e+14, 6.407153e+14, 6.388235e+14
0.0207, 5.580454e+14, 6.065072e+14, 5.474532e+14, 6.322353e+14, 5.254756e+14, 5.991788e+14, 5.280095e+14, 5.636246e+14, 6.420673e+14, 6.401657e+14
0.0208, 5.590810e+14, 6.076511e+14, 5.484261e+14, 6.335337e+14, 5.262496e+14, 6.003375e+14, 5.288480e+14, 5.646504e+14, 6.434195e+14, 6.415081e+14
0.0209, 5.601174e+14, 6.087950e+14, 5.493996e+14, 6.348324e+14, 5.270240e+14, 6.014964e+14, 5.296869e+14, 5.656767e+14, 6.447717e+14, 6.428507e+14
0.021, 5.611545e+14, 6.099389e+14, 5.503738e+14, 6.361313e+14, 5.277988e+14, 6.026556e+14, 5.305263e+14, 5.667035e+14, 6.461241e+14, 6.441934e+14
0.0211, 5.621923e+14, 6.110828e+14, 5.513487e+14, 6.374304e+14, 5.285739e+14, 6.038150e+14, 5.313662e+14, 5.677307e+14, 6.474766e+14, 6.455362e+14
0.0212, 5.632309e+14, 6.122266e+14, 5.523241e+14, 6.387296e+14, 5.293494e+14, 6.049746e+14, 5.322066e+14, 5.687584e+14, 6.488292e+14, 6.468792e+14
0.0213, 5.642702e+14, 6.133704e+14, 5.533002e+14, 6.400291e+14, 5.301252e+14, 6.061346e+14, 5.330474e+14, 5.697865e+14, 6.501819e+14, 6.482223e+14
0.0214, 5.653102e+14, 6.145142e+14, 5.542769e+14, 6.413287e+14, 5.309014e+14, 6.072947e+14, 5.338886e+14, 5.708150e+14, 6.515347e+14, 6.495655e+14
0.0215, 5.663509e+14, 6.156579e+14, 5.552543e+14, 6.426286e+14, 5.316780e+14, 6.084551e+14, 5.347303e+14, 5.718440e+14, 6.528876e+14, 6.509089e+14
0.0216, 5.673923e+14, 6.168016e+14, 5.562323e+14, 6.439286e+14, 5.324548e+14, 6.096157e+14, 5.355725e+14, 5.728735e+14, 6.542407e+14, 6.522524e+14
0.0217, 5.684345e+14, 6.179453e+14, 5.572109e+14, 6.452288e+14, 5.332321e+14, 6.107766e+14, 5.364151e+14, 5.739034e+14, 6.555938e+14, 6.535960e+14
0.0218, 5.694773e+14, 6.190890e+14, 5.581901e+14, 6.465292e+14, 5.340096e+14, 6.119377e+14, 5.372581e+14, 5.749337e+14, 6.569471e+14, 6.549398e+14
0.0219, 5.705208e+14, 6.202326e+14, 5.591699e+14, 6.478299e+14, 5.347876e+14, 6.130990e+14, 5.381016e+14, 5.759644e+14, 6.583004e+14, 6.562836e+14
0.022, 5.715650e+14, 6.213763e+14, 5.601503e+14, 6.491307e+14, 5.355658e+14, 6.142605e+14, 5.389455e+14, 5.769955e+14, 6.596539e+14, 6.576277e+14
0.0221, 5.726099e+14, 6.225199e+14, 5.611313e+14, 6.504316e+14, 5.363444e+14, 6.154223e+14, 5.397898e+14, 5.780271e+14, 6.610074e+14, 6.589718e+14
0.0222, 5.736554e+14, 6.236635e+14, 5.621129e+14, 6.517328e+14, 5.371234e+14, 6.165843e+14, 5.406346e+14, 5.790591e+14, 6.623611e+14, 6.603160e+14
0.0223, 5.747016e+14, 6.248070e+14, 5.630951e+14, 6.530342e+14, 5.379026e+14, 6.177466e+14, 5.414798e+14, 5.800914e+14, 6.637148e+14, 6.616604e+14
0.0224, 5.757485e+14, 6.259505e+14, 5.640779e+14, 6.543357e+14, 5.386822e+14, 6.189091e+14, 5.423254e+14, 5.811242e+14, 6.650687e+14, 6.630049e+14
0.0225, 5.767961e+14, 6.270941e+14, 5.650612e+14, 6.556374e+14, 5.394622e+14, 6.200718e+14, 5.431715e+14, 5.821574e+14, 6.664226e+14, 6.643495e+14
0.0226, 5.778443e+14, 6.282375e+14, 5.660452e+14, 6.569393e+14, 5.402425e+14, 6.212347e+14, 5.440179e+14, 5.831910e+14, 6.677767e+14, 6.656943e+14
0.0227, 5.788931e+14, 6.293810e+14, 5.670297e+14, 6.582414e+14, 5.410231e+14, 6.223978e+14, 5.448648e+14, 5.842250e+14, 6.691308e+14, 6.670391e+14
0.0228, 5.799426e+14, 6.305245e+14, 5.680148e+14, 6.595437e+14, 5.418040e+14, 6.235612e+14, 5.457121e+14, 5.852594e+14, 6.704851e+14, 6.683841e+14
0.0229, 5.809927e+14, 6.316679e+14, 5.690004e+14, 6.608462e+14, 5.425852e+14, 6.247248e+14, 5.465598e+14, 5.862941e+14, 6.718394e+14, 6.697291e+14
0.023, 5.820435e+14, 6.328113e+14, 5.699866e+14, 6.621488e+14, 5.433668e+14, 6.258886e+14, 5.474079e+14, 5.873293e+14, 6.731938e+14, 6.710743e+14
0.0231, 5.830949e+14, 6.339547e+14, 5.709734e+14, 6.634516e+14, 5.441487e+14, 6.270526e+14, 5.482564e+14, 5.883648e+14, 6.745483e+14, 6.724196e+14
0.0232, 5.841470e+14, 6.350980e+14, 5.719607e+14, 6.647546e+14, 5.449309e+14, 6.282168e+14, 5.491053e+14, 5.894007e+14, 6.759029e+14, 6.737650e+14
0.0233, 5.851996e+14, 6.362414e+14, 5.729486e+14, 6.660578e+14, 5.457135e+14, 6.293813e+14, 5.499546e+14, 5.904369e+14, 6.772576e+14, 6.751105e+14
0.0234, 5.862529e+14, 6.373847e+14, 5.739370e+14, 6.673612e+14, 5.464963e+14, 6.305460e+14, 5.508042e+14, 5.914736e+14, 6.786123e+14, 6.764562e+14
0.0235, 5.873067e+14, 6.385280e+14, 5.749260e+14, 6.686647e+14, 5.472795e+14, 6.317108e+14, 5.516543e+14, 5.925106e+14, 6.799672e+14, 6.778019e+14
0.0236, 5.883612e+14, 6.396713e+14, 5.759154e+14, 6.699684e+14, 5.480630e+14, 6.328759e+14, 5.525048e+14, 5.935479e+14, 6.813221e+14, 6.791477e+14
0.0237, 5.894163e+14, 6.408146e+14, 5.769055e+14, 6.712723e+14, 5.488468e+14, 6.340412e+14, 5.533556e+14, 5.945857e+14, 6.826771e+14, 6.804936e+14
0.0238, 5.904720e+14, 6.419578e+14, 5.778960e+14, 6.725763e+14, 5.496309e+14, 6.352067e+14, 5.542069e+14, 5.956237e+14, 6.840322e+14, 6.818397e+14
0.0239, 5.915283e+14, 6.431010e+14, 5.788871e+14, 6.738806e+14, 5.504153e+14, 6.363724e+14, 5.550585e+14, 5.966621e+14, 6.853874e+14, 6.831858e+14
0.024, 5.925851e+14, 6.442442e+14, 5.798787e+14, 6.751850e+14, 5.512001e+14, 6.375383e+14, 5.559105e+14, 5.977009e+14, 6.867427e+14, 6.845320e+14
0.0241, 5.936426e+14, 6.453874e+14, 5.808708e+14, 6.764895e+14, 5.519851e+14, 6.387044e+14, 5.567628e+14, 5.987400e+14, 6.880980e+14, 6.858783e+14
0.0242, 5.947006e+14, 6.465306e+14, 5.818635e+14, 6.777943e+14, 5.527704e+14, 6.398707e+14, 5.576156e+14, 5.997795e+14, 6.894534e+14, 6.872247e+14
0.0243, 5.957592e+14, 6.476737e+14, 5.828566e+14, 6.790992e+14, 5.535561e+14, 6.410372e+14, 5.584687e+14, 6.008193e+14, 6.908089e+14, 6.885713e+14
0.0244, 5.968184e+14, 6.488168e+14, 5.838502e+14, 6.804043e+14, 5.543420e+14, 6.422039e+14, 5.593221e+14, 6.018594e+14, 6.921645e+14, 6.899179e+14
0.0245, 5.978781e+14, 6.499599e+14, 5.848444e+14, 6.817095e+14, 5.551283e+14, 6.433708e+14, 5.601759e+14, 6.028998e+14, 6.935201e+14, 6.912645e+14
0.0246, 5.989384e+14, 6.511030e+14, 5.858390e+14, 6.830149e+14, 5.559148e+14, 6.445379e+14, 5.610301e+14, 6.039406e+14, 6.948758e+14, 6.926113e+14
0.0247, 5.999993e+14, 6.522461e+14, 5.868342e+14, 6.843205e+14, 5.567016e+14, 6.457052e+14, 5.618847e+14, 6.049817e+14, 6.962316e+14, 6.939582e+14
0.0248, 6.010607e+14, 6.533891e+14, 5.878298e+14, 6.856263e+14, 5.574888e+14, 6.468727e+14, 5.627396e+14, 6.060231e+14, 6.975875e+14, 6.953051e+14
0.0249, 6.021227e+14, 6.545321e+14, 5.888259e+14, 6.869322e+14, 5.582762e+14, 6.480403e+14, 5.635948e+14, 6.070649e+14, 6.989434e+14, 6.966522e+14
0.025, 6.031852e+14, 6.556751e+14, 5.898225e+14, 6.882382e+14, 5.590639e+14, 6.492082e+14, 5.644504e+14, 6.081069e+14, 7.002994e+14, 6.979993e+14
0.0251, 6.042482e+14, 6.568181e+14, 5.908196e+14, 6.895445e+14, 5.598519e+14, 6.503762e+14, 5.653064e+14, 6.091493e+14, 7.016554e+14, 6.993465e+14
0.0252, 6.053118e+14, 6.579611e+14, 5.918172e+14, 6.908509e+14, 5.606402e+14, 6.515445e+14, 5.661627e+14, 6.101919e+14, 7.030115e+14, 7.006938e+14
0.0253, 6.063759e+14, 6.591040e+14, 5.928152e+14, 6.921574e+14, 5.614288e+14, 6.527129e+14, 5.670193e+14, 6.112349e+14, 7.043677e+14, 7.020411e+14
0.0254, 6.074406e+14, 6.602469e+14, 5.938137e+14, 6.934641e+14, 5.622176e+14, 6.538815e+14, 5.678763e+14, 6.122782e+14, 7.057240e+14, 7.033886e+14
0.0255, 6.085058e+14, 6.613898e+14, 5.948127e+14, 6.947710e+14, 5.630068e+14, 6.550502e+14, 5.687336e+14, 6.133217e+14, 7.070803e+14, 7.047361e+14
0.0256, 6.095715e+14, 6.625327e+14, 5.958122e+14, 6.960780e+14, 5.637962e+14, 6.562192e+14, 5.695912e+14, 6.143656e+14, 7.084366e+14, 7.060837e+14
0.0257, 6.106377e+14, 6.636756e+14, 5.968120e+14, 6.973852e+14, 5.645859e+14, 6.573883e+14, 5.704492e+14, 6.154097e+14, 7.097931e+14, 7.074313e+14
0.0258, 6.117044e+14, 6.648184e+14, 5.978124e+14, 6.986925e+14, 5.653759e+14, 6.585576e+14, 5.713075e+14, 6.164542e+14, 7.111496e+14, 7.087791e+14
0.0259, 6.127716e+14, 6.659612e+14, 5.988132e+14, 7.000000e+14, 5.661662e+14, 6.597271e+14, 5.721661e+14, 6.174989e+14, 7.125061e+14, 7.101269e+14
0.026, 6.138393e+14, 6.671040e+14, 5.998144e+14, 7.013077e+14, 5.669567e+14, 6.608968e+14, 5.730251e+14, 6.185439e+14, 7.138627e+14, 7.114747e+14
0.0261, 6.149076e+14, 6.682468e+14, 6.008161e+14, 7.026154e+14, 5.677475e+14, 6.620666e+14, 5.738844e+14, 6.195892e+14, 7.152193e+14, 7.128227e+14
0.0262, 6.159763e+14, 6.693895e+14, 6.018183e+14, 7.039234e+14, 5.685386e+14, 6.632366e+14, 5.747439e+14, 6.206348e+14, 7.165761e+14, 7.141707e+14
0.0263, 6.170455e+14, 6.705322e+14, 6.028209e+14, 7.052315e+14, 5.693300e+14, 6.644067e+14, 5.756038e+14, 6.216806e+14, 7.179328e+14, 7.155188e+14
0.0264, 6.181152e+14, 6.716749e+14, 6.038239e+14, 7.065397e+14, 5.701216e+14, 6.655770e+14, 5.764641e+14, 6.227267e+14, 7.192896e+14, 7.168669e+14
0.0265, 6.191854e+14, 6.728176e+14, 6.048273e+14, 7.078481e+14, 5.709135e+14, 6.667475e+14, 5.773246e+14, 6.237730e+14, 7.206465e+14, 7.182151e+14
0.0266, 6.202561e+14, 6.739603e+14, 6.058312e+14, 7.091566e+14, 5.717056e+14, 6.679182e+14, 5.781854e+14, 6.248197e+14, 7.220034e+14, 7.195634e+14
0.0267, 6.213272e+14, 6.751029e+14, 6.068355e+14, 7.104653e+14, 5.724981e+14, 6.690890e+14, 5.790466e+14, 6.258666e+14, 7.233604e+14, 7.209117e+14
0.0268, 6.223988e+14, 6.762455e+14, 6.078402e+14, 7.117742e+14, 5.732907e+14, 6.702600e+14, 5.799080e+14, 6.269137e+14, 7.247174e+14, 7.222601e+14
0.0269, 6.234709e+14, 6.773881e+14, 6.088453e+14, 7.130831e+14, 5.740837e+14, 6.714311e+14, 5.807698e+14, 6.279611e+14, 7.260744e+14, 7.236085e+14
0.027, 6.245435e+14, 6.785306e+14, 6.098509e+14, 7.143922e+14, 5.748769e+14, 6.726024e+14, 5.816318e+14, 6.290088e+14, 7.274315e+14, 7.249570e+14
0.0271, 6.256165e+14, 6.796732e+14, 6.108568e+14, 7.157015e+14, 5.756704e+14, 6.737738e+14, 5.824942e+14, 6.300567e+14, 7.287887e+14, 7.263055e+14
0.0272, 6.266900e+14, 6.808157e+14, 6.118632e+14, 7.170109e+14, 5.764641e+14, 6.749454e+14, 5.833568e+14, 6.311048e+14, 7.301458e+14, 7.276541e+14
0.0273, 6.277639e+14, 6.819582e+14, 6.128700e+14, 7.183204e+14, 5.772581e+14, 6.761172e+14, 5.842197e+14, 6.321532e+14, 7.315031e+14, 7.290028e+14
0.0274, 6.288383e+14, 6.831006e+14, 6.138771e+14, 7.196301e+14, 5.780523e+14, 6.772891e+14, 5.850830e+14, 6.332018e+14, 7.328603e+14, 7.303515e+14
0.0275, 6.299131e+14, 6.842430e+14, 6.148847e+14, 7.209399e+14, 5.788468e+14, 6.784611e+14, 5.859465e+14, 6.342507e+14, 7.342176e+14, 7.317002e+14
0.0276, 6.309883e+14, 6.853854e+14, 6.158927e+14, 7.222498e+14, 5.796415e+14, 6.796333e+14, 5.868103e+14, 6.352998e+14, 7.355750e+14, 7.330490e+14
0.0277, 6.320641e+14, 6.865278e+14, 6.169010e+14, 7.235599e+14, 5.804365e+14, 6.808056e+14, 5.876743e+14, 6.363491e+14, 7.369324e+14, 7.343978e+14
0.0278, 6.331402e+14, 6.876702e+14, 6.179098e+14, 7.248701e+14, 5.812317e+14, 6.819781e+14, 5.885387e+14, 6.373987e+14, 7.382898e+14, 7.357467e+14
0.0279, 6.342168e+14, 6.888125e+14, 6.189189e+14, 7.261804e+14, 5.820272e+14, 6.831508e+14, 5.894033e+14, 6.384485e+14, 7.396472e+14, 7.370956e+14
0.028, 6.352938e+14, 6.899548e+14, 6.199284e+14, 7.274909e+14, 5.828230e+14, 6.843235e+14, 5.902682e+14, 6.394985e+14, 7.410047e+14, 7.384446e+14
0.0281, 6.363712e+14, 6.910970e+14, 6.209383e+14, 7.288015e+14, 5.836189e+14, 6.854964e+14, 5.911334e+14, 6.405487e+14, 7.423622e+14, 7.397936e+14
0.0282, 6.374490e+14, 6.922393e+14, 6.219486e+14, 7.301122e+14, 5.844151e+14, 6.866695e+14, 5.919988e+14, 6.415992e+14, 7.437198e+14, 7.411426e+14
0.0283, 6.385273e+14, 6.933815e+14, 6.229592e+14, 7.314231e+14, 5.852116e+14, 6.878426e+14, 5.928646e+14, 6.426498e+14, 7.450774e+14, 7.424917e+14
0.0284, 6.396060e+14, 6.945237e+14, 6.239703e+14, 7.327340e+14, 5.860083e+14, 6.890159e+14, 5.937305e+14, 6.437007e+14, 7.464350e+14, 7.438408e+14
0.0285, 6.406851e+14, 6.956658e+14, 6.249816e+14, 7.340452e+14, 5.868052e+14, 6.901894e+14, 5.945968e+14, 6.447518e+14, 7.477926e+14, 7.451899e+14
0.0286, 6.417646e+14, 6.968079e+14, 6.259934e+14, 7.353564e+14, 5.876024e+14, 6.913630e+14, 5.954633e+14, 6.458031e+14, 7.491503e+14, 7.465391e+14
0.0287, 6.428445e+14, 6.979500e+14, 6.270055e+14, 7.366677e+14, 5.883998e+14, 6.925367e+14, 5.963301e+14, 6.468546e+14, 7.505079e+14, 7.478883e+14
0.0288, 6.439248e+14, 6.990921e+14, 6.280180e+14, 7.379792e+14, 5.891974e+14, 6.937105e+14, 5.971971e+14, 6.479063e+14, 7.518657e+14, 7.492376e+14
0.0289, 6.450055e+14, 7.002341e+14, 6.290308e+14, 7.392908e+14, 5.899953e+14, 6.948844e+14, 5.980644e+14, 6.489582e+14, 7.532234e+14, 7.505868e+14
0.029, 6.460866e+14, 7.013761e+14, 6.300440e+14, 7.406025e+14, 5.907934e+14, 6.960585e+14, 5.989319e+14, 6.500103e+14, 7.545812e+14, 7.519361e+14
0.0291, 6.471681e+14, 7.025180e+14, 6.310575e+14, 7.419144e+14, 5.915917e+14, 6.972327e+14, 5.997997e+14, 6.510625e+14, 7.559389e+14, 7.532854e+14
0.0292, 6.482500e+14, 7.036600e+14, 6.320714e+14, 7.432263e+14, 5.923903e+14, 6.984071e+14, 6.006677e+14, 6.521150e+14, 7.572967e+14, 7.546348e+14
0.0293, 6.493322e+14, 7.048018e+14, 6.330856e+14, 7.445384e+14, 5.931891e+14, 6.995815e+14, 6.015360e+14, 6.531677e+14, 7.586546e+14, 7.559841e+14
0.0294, 6.504149e+14, 7.059437e+14, 6.341001e+14, 7.458506e+14, 5.939881e+14, 7.007561e+14, 6.024045e+14, 6.542205e+14, 7.600124e+14, 7.573335e+14
0.0295, 6.514979e+14, 7.070855e+14, 6.351150e+14, 7.471629e+14, 5.947873e+14, 7.019307e+14, 6.032732e+14, 6.552736e+14, 7.613703e+14, 7.586829e+14
0.0296, 6.525813e+14, 7.082273e+14, 6.361302e+14, 7.484753e+14, 5.955867e+14, 7.031055e+14, 6.041422e+14, 6.563268e+14, 7.627281e+14, 7.600324e+14
0.0297, 6.536650e+14, 7.093691e+14, 6.371458e+14, 7.497878e+14, 5.963864e+14, 7.042804e+14, 6.050115e+14, 6.573802e+14, 7.640860e+14, 7.613818e+14
0.0298, 6.547492e+14, 7.105108e+14, 6.381617e+14, 7.511004e+14, 5.971863e+14, 7.054554e+14, 6.058810e+14, 6.584338e+14, 7.654439e+14, 7.627313e+14
0.0299, 6.558337e+14, 7.116525e+14, 6.391779e+14, 7.524132e+14, 5.979864e+14, 7.066306e+14, 6.067507e+14, 6.594875e+14, 7.668018e+14, 7.640807e+14
0.03, 6.569185e+14, 7.127941e+14, 6.401944e+14, 7.537260e+14, 5.987868e+14, 7.078058e+14, 6.076206e+14, 6.605414e+14, 7.681597e+14, 7.654302e+14
0.0301, 6.580037e+14, 7.139357e+14, 6.412113e+14, 7.550390e+14, 5.995873e+14, 7.089811e+14, 6.084908e+14, 6.615955e+14, 7.695177e+14, 7.667797e+14
0.0302, 6.590893e+14, 7.150773e+14, 6.422284e+14, 7.563520e+14, 6.003881e+14, 7.101566e+14, 6.093612e+14, 6.626498e+14, 7.708756e+14, 7.681292e+14
0.0303, 6.601752e+14, 7.162188e+14, 6.432459e+14, 7.576652e+14, 6.011890e+14, 7.113321e+14, 6.102318e+14, 6.637042e+14, 7.722336e+14, 7.694787e+14
0.0304, 6.612615e+14, 7.173603e+14, 6.442637e+14, 7.589785e+14, 6.019902e+14, 7.125078e+14, 6.111026e+14, 6.647588e+14, 7.735915e+14, 7.708283e+14
0.0305, 6.623481e+14, 7.185017e+14, 6.452818e+14, 7.602919e+14, 6.027916e+14, 7.136835e+14, 6.119737e+14, 6.658135e+14, 7.749495e+14, 7.721778e+14
0.0306, 6.634351e+14, 7.196431e+14, 6.463002e+14, 7.616053e+14, 6.035932e+14, 7.148594e+14, 6.128449e+14, 6.668684e+14, 7.763075e+14, 7.735273e+14
0.0307, 6.645224e+14, 7.207845e+14, 6.473190e+14, 7.629189e+14, 6.043950e+14, 7.160353e+14, 6.137164e+14, 6.679234e+14, 7.776654e+14, 7.748769e+14
0.0308, 6.656100e+14, 7.219258e+14, 6.483380e+14, 7.642326e+14, 6.051970e+14, 7.172113e+14, 6.145881e+14, 6.689786e+14, 7.790234e+14, 7.762264e+14
0.0309, 6.666980e+14, 7.230671e+14, 6.493573e+14, 7.655464e+14, 6.059992e+14, 7.183875e+14, 6.154601e+14, 6.700340e+14, 7.803814e+14, 7.775759e+14
0.031, 6.677863e+14, 7.242083e+14, 6.503769e+14, 7.668602e+14, 6.068017e+14, 7.195637e+14, 6.163322e+14, 6.710895e+14, 7.817394e+14, 7.789255e+14
0.0311, 6.688750e+14, 7.253495e+14, 6.513968e+14, 7.681742e+14, 6.076043e+14, 7.207400e+14, 6.172045e+14, 6.721451e+14, 7.830973e+14, 7.802750e+14
0.0312, 6.699639e+14, 7.264907e+14, 6.524170e+14, 7.694882e+14, 6.084071e+14, 7.219164e+14, 6.180771e+14, 6.732009e+14, 7.844553e+14, 7.816245e+14
0.0313, 6.710532e+14, 7.276318e+14, 6.534375e+14, 7.708024e+14, 6.092101e+14, 7.230929e+14, 6.189498e+14, 6.742568e+14, 7.858133e+14, 7.829741e+14
0.0314, 6.721428e+14, 7.287729e+14, 6.544582e+14, 7.721166e+14, 6.100133e+14, 7.242695e+14, 6.198228e+14, 6.753129e+14, 7.871713e+14, 7.843236e+14
0.0315, 6.732327e+14, 7.299139e+14, 6.554793e+14, 7.734310e+14, 6.108168e+14, 7.254461e+14, 6.206959e+14, 6.763691e+14, 7.885292e+14, 7.856731e+14
0.0316, 6.743229e+14, 7.310549e+14, 6.565006e+14, 7.747454e+14, 6.116204e+14, 7.266229e+14, 6.215693e+14, 6.774254e+14, 7.898872e+14, 7.870226e+14
0.0317, 6.754135e+14, 7.321958e+14, 6.575222e+14, 7.760599e+14, 6.124242e+14, 7.277997e+14, 6.224428e+14, 6.784819e+14, 7.912451e+14, 7.883721e+14
0.0318, 6.765043e+14, 7.333367e+14, 6.585441e+14, 7.773745e+14, 6.132282e+14, 7.289766e+14, 6.233166e+14, 6.795385e+14, 7.926031e+14, 7.897216e+14
0.0319, 6.775955e+14, 7.344775e+14, 6.595662e+14, 7.786892e+14, 6.140324e+14, 7.301535e+14, 6.241905e+14, 6.805952e+14, 7.939610e+14, 7.910710e+14
0.032, 6.786869e+14, 7.356183e+14, 6.605887e+14, 7.800039e+14, 6.148367e+14, 7.313306e+14, 6.250646e+14, 6.816520e+14, 7.953189e+14, 7.924205e+14
0.0321, 6.797787e+14, 7.367590e+14, 6.616113e+14, 7.813188e+14, 6.156413e+14, 7.325077e+14, 6.259389e+14, 6.827090e+14, 7.966768e+14, 7.937699e+14
0.0322, 6.808707e+14, 7.378997e+14, 6.626343e+14, 7.826337e+14, 6.164460e+14, 7.336849e+14, 6.268134e+14, 6.837661e+14, 7.980347e+14, 7.951193e+14
0.0323, 6.819631e+14, 7.390403e+14, 6.636575e+14, 7.839487e+14, 6.172510e+14, 7.348622e+14, 6.276881e+14, 6.848233e+14, 7.993926e+14, 7.964687e+14
0.0324, 6.830557e+14, 7.401809e+14, 6.646809e+14, 7.852638e+14, 6.180561e+14, 7.360395e+14, 6.285630e+14, 6.858806e+14, 8.007505e+14, 7.978181e+14
0.0325, 6.841486e+14, 7.413214e+14, 6.657047e+14, 7.865790e+14, 6.188614e+14, 7.372169e+14, 6.294380e+14, 6.869380e+14, 8.021084e+14, 7.991675e+14
0.0326, 6.852418e+14, 7.424619e+14, 6.667286e+14, 7.878942e+14, 6.196669e+14, 7.383944e+14, 6.303132e+14, 6.879955e+14, 8.034662e+14, 8.005168e+14
0.0327, 6.863353e+14, 7.436023e+14, 6.677529e+14, 7.892095e+14, 6.204726e+14, 7.395719e+14, 6.311886e+14, 6.890532e+14, 8.048240e+14, 8.018661e+14
0.0328, 6.874290e+14, 7.447427e+14, 6.687773e+14, 7.905249e+14, 6.212784e+14, 7.407495e+14, 6.320642e+14, 6.901109e+14, 8.061818e+14, 8.032154e+14
0.0329, 6.885231e+14, 7.458830e+14, 6.698021e+14, 7.918404e+14, 6.220844e+14, 7.419272e+14, 6.329399e+14, 6.911688e+14, 8.075396e+14, 8.045647e+14
0.033, 6.896174e+14, 7.470233e+14, 6.708270e+14, 7.931559e+14, 6.228906e+14, 7.431049e+14, 6.338159e+14, 6.922268e+14, 8.088973e+14, 8.059139e+14
0.0331, 6.907120e+14, 7.481635e+14, 6.718522e+14, 7.944716e+14, 6.236970e+14, 7.442826e+14, 6.346919e+14, 6.932848e+14, 8.102551e+14, 8.072631e+14
0.0332, 6.918068e+14, 7.493036e+14, 6.728777e+14, 7.957872e+14, 6.245036e+14, 7.454605e+14, 6.355682e+14, 6.943430e+14, 8.116128e+14, 8.086123e+14
0.0333, 6.929019e+14, 7.504437e+14, 6.739033e+14, 7.971030e+14, 6.253103e+14, 7.466383e+14, 6.364446e+14, 6.954012e+14, 8.129705e+14, 8.099614e+14
0.0334, 6.939973e+14, 7.515838e+14, 6.749293e+14, 7.984188e+14, 6.261172e+14, 7.478163e+14, 6.373212e+14, 6.964596e+14, 8.143281e+14, 8.113105e+14
0.0335, 6.950930e+14, 7.527237e+14, 6.759554e+14, 7.997347e+14, 6.269243e+14, 7.489943e+14, 6.381980e+14, 6.975180e+14, 8.156858e+14, 8.126595e+14
0.0336, 6.961889e+14, 7.538637e+14, 6.769818e+14, 8.010506e+14, 6.277315e+14, 7.501723e+14, 6.390749e+14, 6.985766e+14, 8.170434e+14, 8.140086e+14
0.0337, 6.972850e+14, 7.550035e+14, 6.780084e+14, 8.023667e+14, 6.285389e+14, 7.513504e+14, 6.399519e+14, 6.996352e+14, 8.184010e+14, 8.153576e+14
0.0338, 6.983814e+14, 7.561433e+14, 6.790352e+14, 8.036827e+14, 6.293465e+14, 7.525285e+14, 6.408292e+14, 7.006939e+14, 8.197585e+14, 8.167065e+14
0.0339, 6.994781e+14, 7.572831e+14, 6.800622e+14, 8.049989e+14, 6.301542e+14, 7.537067e+14, 6.417065e+14, 7.017527e+14, 8.211160e+14, 8.180554e+14
0.034, 7.005750e+14, 7.584227e+14, 6.810895e+14, 8.063151e+14, 6.309621e+14, 7.548849e+14, 6.425841e+14, 7.028115e+14, 8.224735e+14, 8.194043e+14
0.0341, 7.016721e+14, 7.595623e+14, 6.821170e+14, 8.076313e+14, 6.317702e+14, 7.560632e+14, 6.434617e+14, 7.038705e+14, 8.238310e+14, 8.207531e+14
0.0342, 7.027695e+14, 7.607019e+14, 6.831447e+14, 8.089476e+14, 6.325784e+14, 7.572415e+14, 6.443396e+14, 7.049295e+14, 8.251884e+14, 8.221019e+14
0.0343, 7.038672e+14, 7.618414e+14, 6.841726e+14, 8.102640e+14, 6.333868e+14, 7.584198e+14, 6.452175e+14, 7.059886e+14, 8.265458e+14, 8.234506e+14
0.0344, 7.049650e+14, 7.629808e+14, 6.852007e+14, 8.115804e+14, 6.341953e+14, 7.595982e+14, 6.460957e+14, 7.070478e+14, 8.279031e+14, 8.247993e+14
0.0345, 7.060631e+14, 7.641202e+14, 6.862290e+14, 8.128969e+14, 6.350040e+14, 7.607766e+14, 6.469739e+14, 7.081070e+14, 8.292604e+14, 8.261479e+14
0.0346, 7.071615e+14, 7.652595e+14, 6.872575e+14, 8.142134e+14, 6.358129e+14, 7.619550e+14, 6.478523e+14, 7.091664e+14, 8.306177e+14, 8.274965e+14
0.0347, 7.082600e+14, 7.663987e+14, 6.882863e+14, 8.155300e+14, 6.366219e+14, 7.631335e+14, 6.487309e+14, 7.102258e+14, 8.319749e+14, 8.288451e+14
0.0348, 7.093588e+14, 7.675379e+14, 6.893152e+14, 8.168466e+14, 6.374310e+14, 7.643120e+14, 6.496096e+14, 7.112852e+14, 8.333321e+14, 8.301935e+14
0.0349, 7.104578e+14, 7.686769e+14, 6.903443e+14, 8.181633e+14, 6.382404e+14, 7.654905e+14, 6.504884e+14, 7.123447e+14, 8.346893e+14, 8.315420e+14
0.035, 7.115571e+14, 7.698160e+14, 6.913736e+14, 8.194800e+14, 6.390498e+14, 7.666691e+14, 6.513674e+14, 7.134043e+14, 8.360464e+14, 8.328903e+14
0.0351, 7.126565e+14, 7.709549e+14, 6.924032e+14, 8.207968e+14, 6.398595e+14, 7.678477e+14, 6.522465e+14, 7.144639e+14, 8.374034e+14, 8.342386e+14
0.0352, 7.137562e+14, 7.720938e+14, 6.934329e+14, 8.221136e+14, 6.406692e+14, 7.690263e+14, 6.531257e+14, 7.155236e+14, 8.387605e+14, 8.355869e+14
0.0353, 7.148561e+14, 7.732326e+14, 6.944628e+14, 8.234305e+14, 6.414791e+14, 7.702049e+14, 6.540051e+14, 7.165834e+14, 8.401174e+14, 8.369351e+14
0.0354, 7.159562e+14, 7.743714e+14, 6.954929e+14, 8.247474e+14, 6.422892e+14, 7.713836e+14, 6.548846e+14, 7.176432e+14, 8.414743e+14, 8.382832e+14
0.0355, 7.170565e+14, 7.755100e+14, 6.965231e+14, 8.260643e+14, 6.430994e+14, 7.725623e+14, 6.557642e+14, 7.187031e+14, 8.428312e+14, 8.396313e+14
0.0356, 7.181570e+14, 7.766486e+14, 6.975536e+14, 8.273813e+14, 6.439098e+14, 7.737410e+14, 6.566439e+14, 7.197630e+14, 8.441880e+14, 8.409793e+14
0.0357, 7.192577e+14, 7.777872e+14, 6.985842e+14, 8.286984e+14, 6.447203e+14, 7.749197e+14, 6.575238e+14, 7.208229e+14, 8.455448e+14, 8.423272e+14
0.0358, 7.203586e+14, 7.789256e+14, 6.996150e+14, 8.300154e+14, 6.455309e+14, 7.760984e+14, 6.584038e+14, 7.218829e+14, 8.469015e+14, 8.436751e+14
0.0359, 7.214598e+14, 7.800640e+14, 7.006460e+14, 8.313325e+14, 6.463417e+14, 7.772771e+14, 6.592839e+14, 7.229430e+14, 8.482582e+14, 8.450229e+14
0.036, 7.225611e+14, 7.812023e+14, 7.016772e+14, 8.326497e+14, 6.471526e+14, 7.784559e+14, 6.601641e+14, 7.240031e+14, 8.496148e+14, 8.463707e+14
0.0361, 7.236626e+14, 7.823405e+14, 7.027085e+14, 8.339668e+14, 6.479637e+14, 7.796347e+14, 6.610444e+14, 7.250632e+14, 8.509714e+14, 8.477183e+14
0.0362, 7.247643e+14, 7.834787e+14, 7.037400e+14, 8.352840e+14, 6.487749e+14, 7.808134e+14, 6.619249e+14, 7.261234e+14, 8.523279e+14, 8.490659e+14
0.0363, 7.258662e+14, 7.846167e+14, 7.047717e+14, 8.366013e+14, 6.495862e+14, 7.819922e+14, 6.628055e+14, 7.271836e+14, 8.536843e+14, 8.504134e+14
0.0364, 7.269683e+14, 7.857547e+14, 7.058035e+14, 8.379185e+14, 6.503977e+14, 7.831710e+14, 6.636861e+14, 7.282439e+14, 8.550407e+14, 8.517609e+14
0.0365, 7.280706e+14, 7.868926e+14, 7.068355e+14, 8.392358e+14, 6.512093e+14, 7.843498e+14, 6.645669e+14, 7.293042e+14, 8.563971e+14, 8.531083e+14
0.0366, 7.291730e+14, 7.880305e+14, 7.078677e+14, 8.405531e+14, 6.520210e+14, 7.855286e+14, 6.654478e+14, 7.303645e+14, 8.577533e+14, 8.544556e+14
0.0367, 7.302757e+14, 7.891682e+14, 7.089000e+14, 8.418705e+14, 6.528329e+14, 7.867073e+14, 6.663288e+14, 7.314248e+14, 8.591096e+14, 8.558028e+14
0.0368, 7.313785e+14, 7.903059e+14, 7.099324e+14, 8.431879e+14, 6.536449e+14, 7.878861e+14, 6.672100e+14, 7.324852e+14, 8.604657e+14, 8.571499e+14
0.0369, 7.324815e+14, 7.914435e+14, 7.109651e+14, 8.445053e+14, 6.544570e+14, 7.890649e+14, 6.680912e+14, 7.335456e+14, 8.618218e+14, 8.584970e+14
0.037, 7.335847e+14, 7.925810e+14, 7.119979e+14, 8.458227e+14, 6.552693e+14, 7.902437e+14, 6.689725e+14, 7.346060e+14, 8.631778e+14, 8.598439e+14
0.0371, 7.346880e+14, 7.937184e+14, 7.130308e+14, 8.471401e+14, 6.560817e+14, 7.914225e+14, 6.698539e+14, 7.356665e+14, 8.645338e+14, 8.611908e+14
0.0372, 7.357915e+14, 7.948557e+14, 7.140639e+14, 8.484576e+14, 6.568942e+14, 7.926013e+14, 6.707354e+14, 7.367269e+14, 8.658897e+14, 8.625376e+14
0.0373, 7.368952e+14, 7.959930e+14, 7.150971e+14, 8.497751e+14, 6.577068e+14, 7.937800e+14, 6.716171e+14, 7.377874e+14, 8.672455e+14, 8.638843e+14
0.0374, 7.379991e+14, 7.971302e+14, 7.161305e+14, 8.510926e+14, 6.585196e+14, 7.949588e+14, 6.724988e+14, 7.388479e+14, 8.686012e+14, 8.652310e+14
0.0375, 7.391031e+14, 7.982672e+14, 7.171640e+14, 8.524101e+14, 6.593324e+14, 7.961375e+14, 6.733806e+14, 7.399085e+14, 8.699569e+14, 8.665775e+14
0.0376, 7.402072e+14, 7.994042e+14, 7.181976e+14, 8.537276e+14, 6.601454e+14, 7.973162e+14, 6.742625e+14, 7.409690e+14, 8.713125e+14, 8.679240e+14
0.0377, 7.413116e+14, 8.005411e+14, 7.192314e+14, 8.550452e+14, 6.609586e+14, 7.984950e+14, 6.751445e+14, 7.420296e+14, 8.726681e+14, 8.692703e+14
0.0378, 7.424161e+14, 8.016779e+14, 7.202653e+14, 8.563627e+14, 6.617718e+14, 7.996737e+14, 6.760266e+14, 7.430901e+14, 8.740235e+14, 8.706166e+14
0.0379, 7.435207e+14, 8.028147e+14, 7.212994e+14, 8.576803e+14, 6.625851e+14, 8.008523e+14, 6.769088e+14, 7.441507e+14, 8.753789e+14, 8.719628e+14
0.038, 7.446255e+14, 8.039513e+14, 7.223336e+14, 8.589979e+14, 6.633986e+14, 8.020310e+14, 6.777910e+14, 7.452113e+14, 8.767343e+14, 8.733088e+14
0.0381, 7.457305e+14, 8.050878e+14, 7.233679e+14, 8.603155e+14, 6.642122e+14, 8.032096e+14, 6.786734e+14, 7.462719e+14, 8.780895e+14, 8.746548e+14
0.0382, 7.468356e+14, 8.062243e+14, 7.244023e+14, 8.616330e+14, 6.650259e+14, 8.043883e+14, 6.795558e+14, 7.473325e+14, 8.794447e+14, 8.760007e+14
0.0383, 7.479408e+14, 8.073607e+14, 7.254369e+14, 8.629507e+14, 6.658397e+14, 8.055669e+14, 6.804383e+14, 7.483931e+14, 8.807998e+14, 8.773465e+14
0.0384, 7.490462e+14, 8.084969e+14, 7.264716e+14, 8.642683e+14, 6.666537e+14, 8.067454e+14, 6.813209e+14, 7.494537e+14, 8.821548e+14, 8.786922e+14
0.0385, 7.501517e+14, 8.096331e+14, 7.275064e+14, 8.655859e+14, 6.674677e+14, 8.079240e+14, 6.822036e+14, 7.505143e+14, 8.835097e+14, 8.800377e+14
0.0386, 7.512574e+14, 8.107692e+14, 7.285414e+14, 8.669035e+14, 6.682818e+14, 8.091025e+14, 6.830863e+14, 7.515749e+14, 8.848646e+14, 8.813832e+14
0.0387, 7.523632e+14, 8.119052e+14, 7.295764e+14, 8.682211e+14, 6.690961e+14, 8.102810e+14, 6.839692e+14, 7.526355e+14, 8.862193e+14, 8.827286e+14
0.0388, 7.534691e+14, 8.130410e+14, 7.306116e+14, 8.695387e+14, 6.699105e+14, 8.114595e+14, 6.848521e+14, 7.536961e+14, 8.875740e+14, 8.840739e+14
0.0389, 7.545752e+14, 8.141768e+14, 7.316469e+14, 8.708563e+14, 6.707249e+14, 8.126379e+14, 6.857351e+14, 7.547567e+14, 8.889286e+14, 8.854190e+14
0.039, 7.556814e+14, 8.153125e+14, 7.326823e+14, 8.721740e+14, 6.715395e+14, 8.138163e+14, 6.866181e+14, 7.558172e+14, 8.902831e+14, 8.867641e+14
0.0391, 7.567878e+14, 8.164481e+14, 7.337178e+14, 8.734916e+14, 6.723542e+14, 8.149946e+14, 6.875012e+14, 7.568778e+14, 8.916375e+14, 8.881090e+14
0.0392, 7.578942e+14, 8.175836e+14, 7.347534e+14, 8.748092e+14, 6.731690e+14, 8.161730e+14, 6.883844e+14, 7.579383e+14, 8.929919e+14, 8.894538e+14
0.0393, 7.590008e+14, 8.187190e+14, 7.357892e+14, 8.761268e+14, 6.739839e+14, 8.173512e+14, 6.892677e+14, 7.589989e+14, 8.943461e+14, 8.907986e+14
0.0394, 7.601075e+14, 8.198543e+14, 7.368250e+14, 8.774444e+14, 6.747989e+14, 8.185295e+14, 6.901510e+14, 7.600594e+14, 8.957003e+14, 8.921432e+14
0.0395, 7.612144e+14, 8.209895e+14, 7.378609e+14, 8.787620e+14, 6.756140e+14, 8.197077e+14, 6.910344e+14, 7.611199e+14, 8.970544e+14, 8.934876e+14
0.0396, 7.623213e+14, 8.221246e+14, 7.388969e+14, 8.800796e+14, 6.764291e+14, 8.208858e+14, 6.919178e+14, 7.621804e+14, 8.984084e+14, 8.948320e+14
0.0397, 7.634284e+14, 8.232596e+14, 7.399331e+14, 8.813971e+14, 6.772444e+14, 8.220640e+14, 6.928014e+14, 7.632409e+14, 8.997622e+14, 8.961763e+14
0.0398, 7.645356e+14, 8.243944e+14, 7.409693e+14, 8.827147e+14, 6.780598e+14, 8.232420e+14, 6.936849e+14, 7.643013e+14, 9.011160e+14, 8.975204e+14
0.0399, 7.656429e+14, 8.255292e+14, 7.420056e+14, 8.840322e+14, 6.788753e+14, 8.244200e+14, 6.945686e+14, 7.653618e+14, 9.024697e+14, 8.988644e+14
0.04, 7.667503e+14, 8.266639e+14, 7.430421e+14, 8.853498e+14, 6.796909e+14, 8.255980e+14, 6.954523e+14, 7.664222e+14, 9.038233e+14, 9.002083e+14
0.0401, 7.678578e+14, 8.277984e+14, 7.440786e+14, 8.866673e+14, 6.805065e+14, 8.267759e+14, 6.963360e+14, 7.674825e+14, 9.051768e+14, 9.015521e+14
0.0402, 7.689655e+14, 8.289329e+14, 7.451152e+14, 8.879848e+14, 6.813223e+14, 8.279538e+14, 6.972198e+14, 7.685429e+14, 9.065302e+14, 9.028957e+14
0.0403, 7.700732e+14, 8.300673e+14, 7.461519e+14, 8.893023e+14, 6.821381e+14, 8.291316e+14, 6.981037e+14, 7.696032e+14, 9.078836e+14, 9.042393e+14
0.0404, 7.711810e+14, 8.312015e+14, 7.471886e+14, 8.906197e+14, 6.829541e+14, 8.303094e+14, 6.989876e+14, 7.706635e+14, 9.092368e+14, 9.055827e+14
0.0405, 7.722890e+14, 8.323356e+14, 7.482255e+14, 8.919372e+14, 6.837701e+14, 8.314871e+14, 6.998716e+14, 7.717237e+14, 9.105899e+14, 9.069259e+14
0.0406, 7.733970e+14, 8.334697e+14, 7.492624e+14, 8.932546e+14, 6.845862e+14, 8.326648e+14, 7.007556e+14, 7.727840e+14, 9.119429e+14, 9.082691e+14
0.0407, 7.745052e+14, 8.346036e+14, 7.502995e+14, 8.945720e+14, 6.854024e+14, 8.338424e+14, 7.016396e+14, 7.738442e+14, 9.132958e+14, 9.096121e+14
0.0408, 7.756134e+14, 8.357374e+14, 7.513366e+14, 8.958894e+14, 6.862187e+14, 8.350199e+14, 7.025237e+14, 7.749043e+14, 9.146486e+14, 9.109550e+14
0.0409, 7.767217e+14, 8.368710e+14, 7.523737e+14, 8.972067e+14, 6.870351e+14, 8.361974e+14, 7.034079e+14, 7.759644e+14, 9.160013e+14, 9.122977e+14
0.041, 7.778302e+14, 8.380046e+14, 7.534110e+14, 8.985240e+14, 6.878516e+14, 8.373748e+14, 7.042921e+14, 7.770245e+14, 9.173539e+14, 9.136403e+14
0.0411, 7.789387e+14, 8.391381e+14, 7.544483e+14, 8.998413e+14, 6.886681e+14, 8.385521e+14, 7.051763e+14, 7.780845e+14, 9.187063e+14, 9.149828e+14
0.0412, 7.800473e+14, 8.402714e+14, 7.554857e+14, 9.011586e+14, 6.894847e+14, 8.397294e+14, 7.060606e+14, 7.791445e+14, 9.200587e+14, 9.163251e+14
0.0413, 7.811559e+14, 8.414047e+14, 7.565232e+14, 9.024758e+14, 6.903014e+14, 8.409066e+14, 7.069450e+14, 7.802045e+14, 9.214110e+14, 9.176673e+14
0.0414, 7.822647e+14, 8.425378e+14, 7.575607e+14, 9.037930e+14, 6.911182e+14, 8.420838e+14, 7.078293e+14, 7.812644e+14, 9.227631e+14, 9.190094e+14
0.0415, 7.833736e+14, 8.436708e+14, 7.585983e+14, 9.051102e+14, 6.919351e+14, 8.432609e+14, 7.087137e+14, 7.823243e+14, 9.241152e+14, 9.203513e+14
0.0416, 7.844825e+14, 8.448036e+14, 7.596360e+14, 9.064273e+14, 6.927520e+14, 8.444379e+14, 7.095982e+14, 7.833841e+14, 9.254671e+14, 9.216931e+14
0.0417, 7.855915e+14, 8.459364e+14, 7.606737e+14, 9.077444e+14, 6.935691e+14, 8.456148e+14, 7.104826e+14, 7.844438e+14, 9.268189e+14, 9.230348e+14
0.0418, 7.867006e+14, 8.470691e+14, 7.617115e+14, 9.090615e+14, 6.943862e+14, 8.467917e+14, 7.113671e+14, 7.855035e+14, 9.281706e+14, 9.243763e+14
0.0419, 7.878098e+14, 8.482016e+14, 7.627494e+14, 9.103785e+14, 6.952033e+14, 8.479684e+14, 7.122517e+14, 7.865632e+14, 9.295222e+14, 9.257176e+14
0.042, 7.889190e+14, 8.493340e+14, 7.637873e+14, 9.116955e+14, 6.960206e+14, 8.491452e+14, 7.131362e+14, 7.876228e+14, 9.308737e+14, 9.270588e+14
0.0421, 7.900283e+14, 8.504663e+14, 7.648252e+14, 9.130125e+14, 6.968379e+14, 8.503218e+14, 7.140208e+14, 7.886823e+14, 9.322250e+14, 9.283999e+14
0.0422, 7.911377e+14, 8.515984e+14, 7.658633e+14, 9.143294e+14, 6.976553e+14, 8.514983e+14, 7.149055e+14, 7.897418e+14, 9.335762e+14, 9.297408e+14
0.0423, 7.922471e+14, 8.527304e+14, 7.669013e+14, 9.156463e+14, 6.984727e+14, 8.526748e+14, 7.157901e+14, 7.908013e+14, 9.349274e+14, 9.310816e+14
0.0424, 7.933566e+14, 8.538624e+14, 7.679394e+14, 9.169631e+14, 6.992903e+14, 8.538512e+14, 7.166748e+14, 7.918606e+14, 9.362784e+14, 9.324222e+14
0.0425, 7.944662e+14, 8.549941e+14, 7.689776e+14, 9.182799e+14, 7.001079e+14, 8.550275e+14, 7.175595e+14, 7.929200e+14, 9.376292e+14, 9.337626e+14
0.0426, 7.955759e+14, 8.561258e+14, 7.700158e+14, 9.195966e+14, 7.009255e+14, 8.562037e+14, 7.184442e+14, 7.939792e+14, 9.389800e+14, 9.351029e+14
0.0427, 7.966856e+14, 8.572573e+14, 7.710541e+14, 9.209133e+14, 7.017433e+14, 8.573798e+14, 7.193290e+14, 7.950384e+14, 9.403306e+14, 9.364431e+14
0.0428, 7.977953e+14, 8.583887e+14, 7.720924e+14, 9.222299e+14, 7.025611e+14, 8.585559e+14, 7.202138e+14, 7.960975e+14, 9.416811e+14, 9.377831e+14
0.0429, 7.989051e+14, 8.595200e+14, 7.731308e+14, 9.235465e+14, 7.033789e+14, 8.597318e+14, 7.210986e+14, 7.971566e+14, 9.430315e+14, 9.391229e+14
0.043, 8.000150e+14, 8.606512e+14, 7.741692e+14, 9.248631e+14, 7.041969e+14, 8.609077e+14, 7.219834e+14, 7.982156e+14, 9.443817e+14, 9.404626e+14
0.0431, 8.011249e+14, 8.617822e+14, 7.752076e+14, 9.261796e+14, 7.050149e+14, 8.620835e+14, 7.228682e+14, 7.992745e+14, 9.457318e+14, 9.418021e+14
0.0432, 8.022349e+14, 8.629131e+14, 7.762461e+14, 9.274960e+14, 7.058329e+14, 8.632591e+14, 7.237530e+14, 8.003333e+14, 9.470818e+14, 9.431415e+14
0.0433, 8.033449e+14, 8.640439e+14, 7.772846e+14, 9.288124e+14, 7.066510e+14, 8.644347e+14, 7.246379e+14, 8.013921e+14, 9.484317e+14, 9.444807e+14
0.0434, 8.044550e+14, 8.651745e+14, 7.783231e+14, 9.301287e+14, 7.074692e+14, 8.656102e+14, 7.255228e+14, 8.024508e+14, 9.497814e+14, 9.458197e+14
0.0435, 8.055651e+14, 8.663050e+14, 7.793617e+14, 9.314450e+14, 7.082874e+14, 8.667856e+14, 7.264077e+14, 8.035095e+14, 9.511310e+14, 9.471586e+14
0.0436, 8.066753e+14, 8.674354e+14, 7.804003e+14, 9.327612e+14, 7.091057e+14, 8.679609e+14, 7.272925e+14, 8.045680e+14, 9.524805e+14, 9.484973e+14
0.0437, 8.077855e+14, 8.685656e+14, 7.814389e+14, 9.340773e+14, 7.099241e+14, 8.691361e+14, 7.281775e+14, 8.056265e+14, 9.538298e+14, 9.498358e+14
0.0438, 8.088958e+14, 8.696957e+14, 7.824776e+14, 9.353934e+14, 7.107425e+14, 8.703112e+14, 7.290624e+14, 8.066849e+14, 9.551790e+14, 9.511742e+14
0.0439, 8.100061e+14, 8.708256e+14, 7.835163e+14, 9.367095e+14, 7.115609e+14, 8.714862e+14, 7.299473e+14, 8.077432e+14, 9.565281e+14, 9.525124e+14
0.044, 8.111164e+14, 8.719555e+14, 7.845550e+14, 9.380254e+14, 7.123794e+14, 8.726610e+14, 7.308322e+14, 8.088014e+14, 9.578770e+14, 9.538504e+14
0.0441, 8.122268e+14, 8.730852e+14, 7.855938e+14, 9.393413e+14, 7.131980e+14, 8.738358e+14, 7.317172e+14, 8.098596e+14, 9.592258e+14, 9.551882e+14
0.0442, 8.133372e+14, 8.742147e+14, 7.866325e+14, 9.406572e+14, 7.140166e+14, 8.750105e+14, 7.326021e+14, 8.109177e+14, 9.605744e+14, 9.565259e+14
0.0443, 8.144476e+14, 8.753441e+14, 7.876713e+14, 9.419730e+14, 7.148353e+14, 8.761851e+14, 7.334870e+14, 8.119757e+14, 9.619230e+14, 9.578634e+14
0.0444, 8.155581e+14, 8.764734e+14, 7.887101e+14, 9.432887e+14, 7.156540e+14, 8.773595e+14, 7.343720e+14, 8.130336e+14, 9.632713e+14, 9.592008e+14
0.0445, 8.166686e+14, 8.776025e+14, 7.897489e+14, 9.446043e+14, 7.164728e+14, 8.785338e+14, 7.352569e+14, 8.140914e+14, 9.646196e+14, 9.605379e+14
0.0446, 8.177791e+14, 8.787315e+14, 7.907877e+14, 9.459199e+14, 7.172916e+14, 8.797081e+14, 7.361419e+14, 8.151491e+14, 9.659676e+14, 9.618749e+14
0.0447, 8.188896e+14, 8.798604e+14, 7.918266e+14, 9.472354e+14, 7.181104e+14, 8.808822e+14, 7.370268e+14, 8.162067e+14, 9.673156e+14, 9.632117e+14
0.0448, 8.200002e+14, 8.809891e+14, 7.928655e+14, 9.485508e+14, 7.189293e+14, 8.820562e+14, 7.379117e+14, 8.172643e+14, 9.686634e+14, 9.645483e+14
0.0449, 8.211108e+14, 8.821177e+14, 7.939043e+14, 9.498662e+14, 7.197483e+14, 8.832301e+14, 7.387967e+14, 8.183217e+14, 9.700110e+14, 9.658848e+14
0.045, 8.222214e+14, 8.832461e+14, 7.949432e+14, 9.511814e+14, 7.205673e+14, 8.844039e+14, 7.396816e+14, 8.193791e+14, 9.713585e+14, 9.672210e+14
0.0451, 8.233321e+14, 8.843744e+14, 7.959821e+14, 9.524966e+14, 7.213863e+14, 8.855775e+14, 7.405665e+14, 8.204363e+14, 9.727059e+14, 9.685571e+14
0.0452, 8.244427e+14, 8.855025e+14, 7.970210e+14, 9.538118e+14, 7.222054e+14, 8.867510e+14, 7.414514e+14, 8.214935e+14, 9.740531e+14, 9.698930e+14
0.0453, 8.255534e+14, 8.866305e+14, 7.980599e+14, 9.551268e+14, 7.230245e+14, 8.879244e+14, 7.423363e+14, 8.225506e+14, 9.754002e+14, 9.712287e+14
0.0454, 8.266641e+14, 8.877583e+14, 7.990988e+14, 9.564418e+14, 7.238437e+14, 8.890977e+14, 7.432212e+14, 8.236075e+14, 9.767471e+14, 9.725642e+14
0.0455, 8.277748e+14, 8.888860e+14, 8.001377e+14, 9.577567e+14, 7.246629e+14, 8.902709e+14, 7.441061e+14, 8.246644e+14, 9.780938e+14, 9.738996e+14
0.0456, 8.288855e+14, 8.900136e+14, 8.011766e+14, 9.590715e+14, 7.254822e+14, 8.914439e+14, 7.449910e+14, 8.257212e+14, 9.794404e+14, 9.752347e+14
0.0457, 8.299962e+14, 8.911410e+14, 8.022155e+14, 9.603862e+14, 7.263014e+14, 8.926168e+14, 7.458759e+14, 8.267779e+14, 9.807869e+14, 9.765696e+14
0.0458, 8.311070e+14, 8.922682e+14, 8.032544e+14, 9.617009e+14, 7.271208e+14, 8.937896e+14, 7.467607e+14, 8.278344e+14, 9.821332e+14, 9.779044e+14
0.0459, 8.322177e+14, 8.933953e+14, 8.042933e+14, 9.630154e+14, 7.279401e+14, 8.949623e+14, 7.476455e+14, 8.288909e+14, 9.834793e+14, 9.792390e+14
0.046, 8.333285e+14, 8.945223e+14, 8.053322e+14, 9.643299e+14, 7.287595e+14, 8.961348e+14, 7.485303e+14, 8.299472e+14, 9.848253e+14, 9.805733e+14
0.0461, 8.344392e+14, 8.956491e+14, 8.063711e+14, 9.656443e+14, 7.295789e+14, 8.973072e+14, 7.494151e+14, 8.310035e+14, 9.861711e+14, 9.819075e+14
0.0462, 8.355500e+14, 8.967757e+14, 8.074099e+14, 9.669586e+14, 7.303984e+14, 8.984795e+14, 7.502999e+14, 8.320596e+14, 9.875168e+14, 9.832415e+14
0.0463, 8.366607e+14, 8.979022e+14, 8.084488e+14, 9.682728e+14, 7.312179e+14, 8.996516e+14, 7.511847e+14, 8.331156e+14, 9.888623e+14, 9.845753e+14
0.0464, 8.377715e+14, 8.990286e+14, 8.094876e+14, 9.695869e+14, 7.320374e+14, 9.008236e+14, 7.520694e+14, 8.341715e+14, 9.902076e+14, 9.859089e+14
0.0465, 8.388822e+14, 9.001547e+14, 8.105265e+14, 9.709009e+14, 7.328569e+14, 9.019954e+14, 7.529541e+14, 8.352273e+14, 9.915528e+14, 9.872423e+14
0.0466, 8.399930e+14, 9.012808e+14, 8.115653e+14, 9.722149e+14, 7.336765e+14, 9.031671e+14, 7.538388e+14, 8.362830e+14, 9.928978e+14, 9.885755e+14
0.0467, 8.411037e+14, 9.024066e+14, 8.126041e+14, 9.735287e+14, 7.344961e+14, 9.043387e+14, 7.547235e+14, 8.373386e+14, 9.942427e+14, 9.899084e+14
0.0468, 8.422144e+14, 9.035323e+14, 8.136429e+14, 9.748425e+14, 7.353158e+14, 9.055102e+14, 7.556081e+14, 8.383941e+14, 9.955874e+14, 9.912412e+14
0.0469, 8.433252e+14, 9.046579e+14, 8.146817e+14, 9.761561e+14, 7.361354e+14, 9.066815e+14, 7.564927e+14, 8.394494e+14, 9.969319e+14, 9.925738e+14
0.047, 8.444359e+14, 9.057833e+14, 8.157204e+14, 9.774697e+14, 7.369551e+14, 9.078526e+14, 7.573773e+14, 8.405046e+14, 9.982763e+14, 9.939062e+14
0.0471, 8.455466e+14, 9.069085e+14, 8.167592e+14, 9.787831e+14, 7.377748e+14, 9.090236e+14, 7.582619e+14, 8.415597e+14, 9.996205e+14, 9.952383e+14
0.0472, 8.466573e+14, 9.080336e+14, 8.177979e+14, 9.800965e+14, 7.385946e+14, 9.101945e+14, 7.591464e+14, 8.426147e+14, 1.000965e+15, 9.965703e+14
0.0473, 8.477680e+14, 9.091585e+14, 8.188366e+14, 9.814097e+14, 7.394143e+14, 9.113652e+14, 7.600309e+14, 8.436696e+14, 1.002308e+15, 9.979020e+14
0.0474, 8.488786e+14, 9.102833e+14, 8.198752e+14, 9.827229e+14, 7.402341e+14, 9.125358e+14, 7.609154e+14, 8.447243e+14, 1.003652e+15, 9.992336e+14
0.0475, 8.499893e+14, 9.114079e+14, 8.209139e+14, 9.840359e+14, 7.410539e+14, 9.137062e+14, 7.617998e+14, 8.457789e+14, 1.004996e+15, 1.000565e+15
0.0476, 8.510999e+14, 9.125323e+14, 8.219525e+14, 9.853489e+14, 7.418737e+14, 9.148765e+14, 7.626842e+14, 8.468334e+14, 1.006339e+15, 1.001896e+15
0.0477, 8.522105e+14, 9.136566e+14, 8.229910e+14, 9.866617e+14, 7.426936e+14, 9.160466e+14, 7.635686e+14, 8.478878e+14, 1.007682e+15, 1.003227e+15
0.0478, 8.533211e+14, 9.147807e+14, 8.240296e+14, 9.879744e+14, 7.435135e+14, 9.172166e+14, 7.644529e+14, 8.489420e+14, 1.009025e+15, 1.004558e+15
0.0479, 8.544317e+14, 9.159046e+14, 8.250681e+14, 9.892870e+14, 7.443333e+14, 9.183864e+14, 7.653372e+14, 8.499961e+14, 1.010368e+15, 1.005888e+15
0.048, 8.555422e+14, 9.170284e+14, 8.261066e+14, 9.905996e+14, 7.451532e+14, 9.195560e+14, 7.662215e+14, 8.510501e+14, 1.011711e+15, 1.007218e+15
0.0481, 8.566527e+14, 9.181520e+14, 8.271450e+14, 9.919120e+14, 7.459732e+14, 9.207255e+14, 7.671057e+14, 8.521040e+14, 1.013053e+15, 1.008548e+15
0.0482, 8.577632e+14, 9.192754e+14, 8.281834e+14, 9.932243e+14, 7.467931e+14, 9.218949e+14, 7.679899e+14, 8.531577e+14, 1.014395e+15, 1.009878e+15
0.0483, 8.588736e+14, 9.203987e+14, 8.292218e+14, 9.945364e+14, 7.476130e+14, 9.230641e+14, 7.688740e+14, 8.542113e+14, 1.015737e+15, 1.011208e+15
0.0484, 8.599841e+14, 9.215218e+14, 8.302601e+14, 9.958485e+14, 7.484330e+14, 9.242331e+14, 7.697581e+14, 8.552647e+14, 1.017079e+15, 1.012537e+15
0.0485, 8.610945e+14, 9.226447e+14, 8.312984e+14, 9.971605e+14, 7.492530e+14, 9.254019e+14, 7.706422e+14, 8.563180e+14, 1.018421e+15, 1.013866e+15
0.0486, 8.622048e+14, 9.237675e+14, 8.323366e+14, 9.984723e+14, 7.500730e+14, 9.265706e+14, 7.715262e+14, 8.573712e+14, 1.019763e+15, 1.015195e+15
0.0487, 8.633151e+14, 9.248901e+14, 8.333748e+14, 9.997840e+14, 7.508929e+14, 9.277392e+14, 7.724102e+14, 8.584243e+14, 1.021104e+15, 1.016524e+15
0.0488, 8.644254e+14, 9.260125e+14, 8.344130e+14, 1.001096e+15, 7.517130e+14, 9.289076e+14, 7.732941e+14, 8.594772e+14, 1.022445e+15, 1.017853e+15
0.0489, 8.655357e+14, 9.271348e+14, 8.354511e+14, 1.002407e+15, 7.525330e+14, 9.300758e+14, 7.741779e+14, 8.605299e+14, 1.023786e+15, 1.019181e+15
0.049, 8.666459e+14, 9.282568e+14, 8.364891e+14, 1.003718e+15, 7.533530e+14, 9.312438e+14, 7.750618e+14, 8.615826e+14, 1.025127e+15, 1.020509e+15
0.0491, 8.677561e+14, 9.293787e+14, 8.375272e+14, 1.005030e+15, 7.541730e+14, 9.324117e+14, 7.759455e+14, 8.626350e+14, 1.026468e+15, 1.021837e+15
0.0492, 8.688662e+14, 9.305005e+14, 8.385651e+14, 1.006341e+15, 7.549931e+14, 9.335794e+14, 7.768293e+14, 8.636874e+14, 1.027808e+15, 1.023164e+15
0.0493, 8.699763e+14, 9.316220e+14, 8.396030e+14, 1.007652e+15, 7.558131e+14, 9.347469e+14, 7.777130e+14, 8.647396e+14, 1.029149e+15, 1.024492e+15
0.0494, 8.710863e+14, 9.327434e+14, 8.406409e+14, 1.008963e+15, 7.566332e+14, 9.359143e+14, 7.785966e+14, 8.657916e+14, 1.030489e+15, 1.025819e+15
0.0495, 8.721963e+14, 9.338646e+14, 8.416787e+14, 1.010273e+15, 7.574532e+14, 9.370815e+14, 7.794801e+14, 8.668435e+14, 1.031829e+15, 1.027146e+15
0.0496, 8.733063e+14, 9.349856e+14, 8.427164e+14, 1.011584e+15, 7.582733e+14, 9.382485e+14, 7.803637e+14, 8.678953e+14, 1.033168e+15, 1.028472e+15
0.0497, 8.744162e+14, 9.361065e+14, 8.437541e+14, 1.012895e+15, 7.590933e+14, 9.394153e+14, 7.812471e+14, 8.689469e+14, 1.034508e+15, 1.029799e+15
0.0498, 8.755260e+14, 9.372271e+14, 8.447918e+14, 1.014205e+15, 7.599134e+14, 9.405820e+14, 7.821305e+14, 8.699984e+14, 1.035847e+15, 1.031125e+15
0.0499, 8.766358e+14, 9.383476e+14, 8.458293e+14, 1.015515e+15, 7.607334e+14, 9.417485e+14, 7.830139e+14, 8.710497e+14, 1.037186e+15, 1.032451e+15
0.05, 8.777455e+14, 9.394679e+14, 8.468669e+14, 1.016825e+15, 7.615535e+14, 9.429148e+14, 7.838972e+14, 8.721008e+14, 1.038525e+15, 1.033776e+15
