time, Epsilon_0, Epsilon_1, Epsilon_2, Epsilon_3, Epsilon_4, Epsilon_5, PEEQ, Rate_0, Rate_1, Rate_2, Rate_3, Rate_4, Rate_5
0, 0.00000e+00, 0.00000e+00, 0.00000e+00, 0.00000e+00, 0.00000e+00, 0.00000e+00, 0.00000e+00, 0.00000e+00, 0.00000e+00, 0.00000e+00, 0.00000e+00, 0.00000e+00, 0.00000e+00
0.0001, 0.00000e+00, 0.00000e+00, 0.00000e+00, -1.09798e-18, 1.27728e-18, 4.90228e-19, 4.17094e-18, 0.00000e+00, 0.00000e+00, 0.00000e+00, -1.09798e-14, 1.27728e-14, 4.90228e-15
0.0002, 3.58440e-14, -1.44311e-14, -2.14110e-14, -3.13181e-15, 3.62731e-15, 1.39786e-15, 3.95813e-14, 3.58440e-10, -1.44311e-10, -2.14110e-10, -3.13072e-11, 3.62603e-11, 1.39737e-11
0.0003, 3.43586e-12, -1.38412e-12, -2.05174e-12, -3.00071e-13, 3.47088e-13, 1.33901e-13, 3.79269e-12, 3.40002e-08, -1.36969e-08, -2.03033e-08, -2.96939e-09, 3.43460e-09, 1.32503e-09
0.0004, 8.54319e-11, -3.44170e-11, -5.10149e-11, -7.46588e-12, 8.63049e-12, 3.33071e-12, 9.43064e-11, 8.19961e-07, -3.30329e-07, -4.89632e-07, -7.16581e-08, 8.28341e-08, 3.19681e-08
0.0005, 1.02372e-09, -4.12434e-10, -6.11290e-10, -8.94856e-11, 1.03410e-10, 3.99127e-11, 1.13008e-09, 9.38292e-06, -3.78017e-06, -5.60275e-06, -8.20197e-07, 9.47797e-07, 3.65820e-07
0.0006, 7.75224e-09, -3.12338e-09, -4.62886e-09, -6.77689e-10, 7.82917e-10, 3.02206e-10, 8.55771e-09, 6.72851e-05, -2.71094e-05, -4.01757e-05, -5.88203e-06, 6.79506e-06, 2.62293e-06
0.0007, 4.28092e-08, -1.72497e-08, -2.55595e-08, -3.74250e-09, 4.32099e-09, 1.66879e-09, 4.72575e-08, 3.50569e-04, -1.41263e-04, -2.09306e-04, -3.06481e-05, 3.53807e-05, 1.36658e-05
0.0008, 1.87568e-07, -7.55995e-08, -1.11968e-07, -1.64022e-08, 1.89012e-08, 7.31606e-09, 2.07059e-07, 1.44759e-03, -5.83498e-04, -8.64087e-04, -1.26597e-04, 1.45802e-04, 5.64728e-05
0.0009, 6.87298e-07, -2.77214e-07, -4.10081e-07, -6.01676e-08, 6.89323e-08, 2.68750e-08, 7.58726e-07, 4.99730e-03, -2.01615e-03, -2.98113e-03, -4.37654e-04, 5.00311e-04, 1.95589e-04
0.001, 2.17560e-06, -8.79098e-07, -1.29649e-06, -1.91088e-07, 2.15520e-07, 8.56832e-08, 2.40175e-06, 1.48831e-02, -6.01884e-03, -8.86406e-03, -1.30920e-03, 1.46588e-03, 5.88082e-04
0.0011, 6.05212e-06, -2.45551e-06, -3.59647e-06, -5.36109e-07, 5.82589e-07, 2.42294e-07, 6.68140e-06, 3.87651e-02, -1.57641e-02, -2.29998e-02, -3.45021e-03, 3.67069e-03, 1.56610e-03
0.0012, 1.48708e-05, -6.08125e-06, -8.78875e-06, -1.34262e-06, 1.35124e-06, 6.13444e-07, 1.64174e-05, 8.81867e-02, -3.62574e-02, -5.19228e-02, -8.06513e-03, 7.68649e-03, 3.71150e-03
0.0013, 3.22416e-05, -1.33497e-05, -1.88884e-05, -3.01748e-06, 2.65510e-06, 1.38783e-06, 3.55924e-05, 1.73708e-01, -7.26841e-02, -1.00997e-01, -1.67486e-02, 1.30386e-02, 7.74391e-03
0.0014, 6.17778e-05, -2.59813e-05, -3.57849e-05, -6.10221e-06, 4.41893e-06, 2.78723e-06, 6.81781e-05, 2.95362e-01, -1.26317e-01, -1.68964e-01, -3.08473e-02, 1.76383e-02, 1.39940e-02
0.0015, 1.05567e-04, -4.51016e-05, -6.04348e-05, -1.11052e-05, 6.36027e-06, 4.96918e-06, 1.16429e-04, 4.37895e-01, -1.91203e-01, -2.46499e-01, -5.00303e-02, 1.94133e-02, 2.18195e-02
0.0016, 1.63324e-04, -7.07079e-05, -9.25479e-05, -1.82319e-05, 8.18587e-06, 7.94898e-06, 1.79948e-04, 5.77568e-01, -2.56062e-01, -3.21132e-01, -7.12666e-02, 1.82560e-02, 2.97980e-02
0.0017, 2.32786e-04, -1.01775e-04, -1.30880e-04, -2.72862e-05, 9.73008e-06, 1.16060e-05, 2.56158e-04, 6.94615e-01, -3.10669e-01, -3.83325e-01, -9.05428e-02, 1.54422e-02, 3.65700e-02
0.0018, 3.10898e-04, -1.36849e-04, -1.73827e-04, -3.78453e-05, 1.09426e-05, 1.57512e-05, 3.41642e-04, 7.81127e-01, -3.50746e-01, -4.29463e-01, -1.05591e-01, 1.21255e-02, 4.14522e-02
0.0019, 3.94876e-04, -1.74606e-04, -2.19923e-04, -4.94734e-05, 1.18334e-05, 2.01972e-05, 4.33316e-04, 8.39773e-01, -3.77562e-01, -4.60966e-01, -1.16281e-01, 8.90771e-03, 4.44601e-02
0.002, 4.82649e-04, -2.14075e-04, -2.68068e-04, -6.18176e-05, 1.24377e-05, 2.47960e-05, 5.28906e-04, 8.77735e-01, -3.94698e-01, -4.81449e-01, -1.23442e-01, 6.04249e-03, 4.59875e-02
0.0021, 5.72853e-04, -2.54635e-04, -3.17519e-04, -7.46163e-05, 1.27990e-05, 2.94461e-05, 6.26922e-04, 9.02042e-01, -4.05601e-01, -4.94506e-01, -1.27988e-01, 3.61318e-03, 4.65015e-02
0.0022, 6.64640e-04, -2.95910e-04, -3.67803e-04, -8.76816e-05, 1.29603e-05, 3.40854e-05, 7.26447e-04, 9.17869e-01, -4.12747e-01, -5.02838e-01, -1.30652e-01, 1.61311e-03, 4.63924e-02
0.0023, 7.57495e-04, -3.37679e-04, -4.18625e-04, -1.00880e-04, 1.29592e-05, 3.86791e-05, 8.26931e-04, 9.28544e-01, -4.17686e-01, -5.08225e-01, -1.31985e-01, -1.04810e-05, 4.59375e-02
0.0024, 8.51102e-04, -3.79811e-04, -4.69802e-04, -1.14120e-04, 1.28265e-05, 4.32108e-05, 9.28046e-04, 9.36071e-01, -4.21319e-01, -5.11771e-01, -1.32398e-01, -1.32735e-03, 4.53165e-02
0.0025, 9.45264e-04, -4.22226e-04, -5.21216e-04, -1.27340e-04, 1.25859e-05, 4.76745e-05, 1.02959e-03, 9.41622e-01, -4.24150e-01, -5.14142e-01, -1.32198e-01, -2.40634e-03, 4.46377e-02
0.0026, 1.03985e-03, -4.64872e-04, -5.72791e-04, -1.40501e-04, 1.22552e-05, 5.20708e-05, 1.13145e-03, 9.45881e-01, -4.26463e-01, -5.15741e-01, -1.31610e-01, -3.30651e-03, 4.39627e-02
0.0027, 1.13478e-03, -5.07713e-04, -6.24472e-04, -1.53580e-04, 1.18478e-05, 5.64031e-05, 1.23353e-03, 9.49254e-01, -4.28414e-01, -5.16816e-01, -1.30795e-01, -4.07416e-03, 4.33229e-02
0.0028, 1.22998e-03, -5.50723e-04, -6.76224e-04, -1.66566e-04, 1.13735e-05, 6.06763e-05, 1.33579e-03, 9.51991e-01, -4.30098e-01, -5.17522e-01, -1.29860e-01, -4.74330e-03, 4.27317e-02
0.0029, 1.32540e-03, -5.93880e-04, -7.28021e-04, -1.79454e-04, 1.08397e-05, 6.48954e-05, 1.43818e-03, 9.54251e-01, -4.31571e-01, -5.17964e-01, -1.28875e-01, -5.33754e-03, 4.21910e-02
0.003, 1.42102e-03, -6.37167e-04, -7.79842e-04, -1.92242e-04, 1.02525e-05, 6.90650e-05, 1.54067e-03, 9.56143e-01, -4.32871e-01, -5.18211e-01, -1.27881e-01, -5.87236e-03, 4.16967e-02
0.0031, 1.51679e-03, -6.80570e-04, -8.31673e-04, -2.04932e-04, 9.61675e-06, 7.31891e-05, 1.64326e-03, 9.57742e-01, -4.34025e-01, -5.18312e-01, -1.26904e-01, -6.35734e-03, 4.12408e-02
0.0032, 1.61270e-03, -7.24075e-04, -8.83503e-04, -2.17528e-04, 8.93695e-06, 7.72705e-05, 1.74591e-03, 9.59105e-01, -4.35053e-01, -5.18303e-01, -1.25957e-01, -6.79795e-03, 4.08140e-02
0.0033, 1.70873e-03, -7.67672e-04, -9.35324e-04, -2.30032e-04, 8.21725e-06, 8.13112e-05, 1.84861e-03, 9.60274e-01, -4.35972e-01, -5.18209e-01, -1.25043e-01, -7.19704e-03, 4.04072e-02
0.0034, 1.80486e-03, -8.11352e-04, -9.87129e-04, -2.42449e-04, 7.46165e-06, 8.53124e-05, 1.95136e-03, 9.61283e-01, -4.36796e-01, -5.18051e-01, -1.24165e-01, -7.55594e-03, 4.00116e-02
0.0035, 1.90107e-03, -8.55106e-04, -1.03891e-03, -2.54781e-04, 6.67413e-06, 8.92744e-05, 2.05414e-03, 9.62157e-01, -4.37537e-01, -5.17843e-01, -1.23323e-01, -7.87524e-03, 3.96201e-02
0.0036, 1.99736e-03, -8.98926e-04, -1.09067e-03, -2.67032e-04, 5.85861e-06, 9.31971e-05, 2.15695e-03, 9.62919e-01, -4.38204e-01, -5.17596e-01, -1.22512e-01, -8.15526e-03, 3.92269e-02
0.0037, 2.09372e-03, -9.42807e-04, -1.14241e-03, -2.79205e-04, 5.01897e-06, 9.70799e-05, 2.25978e-03, 9.63585e-01, -4.38806e-01, -5.17319e-01, -1.21732e-01, -8.39639e-03, 3.88277e-02
0.0038, 2.19014e-03, -9.86742e-04, -1.19411e-03, -2.91303e-04, 4.15904e-06, 1.00922e-04, 2.36262e-03, 9.64171e-01, -4.39352e-01, -5.17019e-01, -1.20979e-01, -8.59924e-03, 3.84196e-02
0.0039, 2.28661e-03, -1.03073e-03, -1.24578e-03, -3.03328e-04, 3.28257e-06, 1.04722e-04, 2.46547e-03, 9.64688e-01, -4.39848e-01, -5.16701e-01, -1.20249e-01, -8.76468e-03, 3.80008e-02
0.004, 2.38312e-03, -1.07476e-03, -1.29741e-03, -3.15282e-04, 2.39318e-06, 1.08479e-04, 2.56833e-03, 9.65146e-01, -4.40300e-01, -5.16369e-01, -1.19542e-01, -8.89391e-03, 3.75705e-02
0.0041, 2.47968e-03, -1.11883e-03, -1.34902e-03, -3.27168e-04, 1.49435e-06, 1.12192e-04, 2.67118e-03, 9.65555e-01, -4.40713e-01, -5.16026e-01, -1.18853e-01, -8.98834e-03, 3.71288e-02
0.0042, 2.57627e-03, -1.16294e-03, -1.40058e-03, -3.38986e-04, 5.89387e-07, 1.15859e-04, 2.77403e-03, 9.65920e-01, -4.41091e-01, -5.15675e-01, -1.18181e-01, -9.04962e-03, 3.66761e-02
0.0043, 2.67290e-03, -1.20708e-03, -1.45212e-03, -3.50738e-04, -3.18572e-07, 1.19481e-04, 2.87688e-03, 9.66249e-01, -4.41440e-01, -5.15318e-01, -1.17525e-01, -9.07959e-03, 3.62134e-02
0.0044, 2.76955e-03, -1.25126e-03, -1.50361e-03, -3.62426e-04, -1.22659e-06, 1.23055e-04, 2.97971e-03, 9.66545e-01, -4.41761e-01, -5.14957e-01, -1.16882e-01, -9.08019e-03, 3.57421e-02
0.0045, 2.86623e-03, -1.29546e-03, -1.55507e-03, -3.74052e-04, -2.13193e-06, 1.26581e-04, 3.08254e-03, 9.66814e-01, -4.42059e-01, -5.14592e-01, -1.16251e-01, -9.05342e-03, 3.52636e-02
0.0046, 2.96294e-03, -1.33970e-03, -1.60649e-03, -3.85615e-04, -3.03207e-06, 1.30059e-04, 3.18535e-03, 9.67058e-01, -4.42334e-01, -5.14225e-01, -1.15631e-01, -9.00137e-03, 3.47794e-02
0.0047, 3.05967e-03, -1.38396e-03, -1.65788e-03, -3.97117e-04, -3.92468e-06, 1.33488e-04, 3.28814e-03, 9.67282e-01, -4.42591e-01, -5.13858e-01, -1.15022e-01, -8.92609e-03, 3.42911e-02
0.0048, 3.15641e-03, -1.42824e-03, -1.70923e-03, -4.08559e-04, -4.80764e-06, 1.36868e-04, 3.39092e-03, 9.67487e-01, -4.42830e-01, -5.13490e-01, -1.14421e-01, -8.82962e-03, 3.38003e-02
0.0049, 3.25318e-03, -1.47254e-03, -1.76054e-03, -4.19942e-04, -5.67904e-06, 1.40199e-04, 3.49368e-03, 9.67676e-01, -4.43053e-01, -5.13122e-01, -1.13828e-01, -8.71396e-03, 3.33084e-02
0.005, 3.34997e-03, -1.51687e-03, -1.81182e-03, -4.31266e-04, -6.53714e-06, 1.43481e-04, 3.59642e-03, 9.67851e-01, -4.43262e-01, -5.12755e-01, -1.13244e-01, -8.58103e-03, 3.28168e-02
0.0051, 3.44677e-03, -1.56122e-03, -1.86305e-03, -4.42533e-04, -7.38041e-06, 1.46714e-04, 3.69914e-03, 9.68014e-01, -4.43457e-01, -5.12390e-01, -1.12666e-01, -8.43270e-03, 3.23269e-02
0.0052, 3.54358e-03, -1.60558e-03, -1.91426e-03, -4.53742e-04, -8.20748e-06, 1.49898e-04, 3.80183e-03, 9.68165e-01, -4.43640e-01, -5.12026e-01, -1.12095e-01, -8.27071e-03, 3.18399e-02
0.0053, 3.64042e-03, -1.64996e-03, -1.96542e-03, -4.64895e-04, -9.01715e-06, 1.53033e-04, 3.90451e-03, 9.68307e-01, -4.43812e-01, -5.11665e-01, -1.11531e-01, -8.09672e-03, 3.13568e-02
0.0054, 3.73726e-03, -1.69436e-03, -2.01655e-03, -4.75993e-04, -9.80838e-06, 1.56121e-04, 4.00716e-03, 9.68440e-01, -4.43974e-01, -5.11306e-01, -1.10973e-01, -7.91229e-03, 3.08787e-02
0.0055, 3.83412e-03, -1.73877e-03, -2.06765e-03, -4.87035e-04, -1.05803e-05, 1.59162e-04, 4.10979e-03, 9.68566e-01, -4.44126e-01, -5.10949e-01, -1.10422e-01, -7.71886e-03, 3.04065e-02
0.0056, 3.93098e-03, -1.78320e-03, -2.11871e-03, -4.98022e-04, -1.13320e-05, 1.62156e-04, 4.21239e-03, 9.68685e-01, -4.44268e-01, -5.10595e-01, -1.09875e-01, -7.51777e-03, 2.99408e-02
0.0057, 4.02786e-03, -1.82764e-03, -2.16973e-03, -5.08956e-04, -1.20631e-05, 1.65104e-04, 4.31497e-03, 9.68797e-01, -4.44402e-01, -5.10244e-01, -1.09335e-01, -7.31025e-03, 2.94824e-02
0.0058, 4.12475e-03, -1.87209e-03, -2.22072e-03, -5.19836e-04, -1.27728e-05, 1.68007e-04, 4.41753e-03, 9.68904e-01, -4.44529e-01, -5.09896e-01, -1.08799e-01, -7.09745e-03, 2.90319e-02
0.0059, 4.22165e-03, -1.91656e-03, -2.27168e-03, -5.30663e-04, -1.34609e-05, 1.70866e-04, 4.52006e-03, 9.69007e-01, -4.44647e-01, -5.09551e-01, -1.08270e-01, -6.88037e-03, 2.85897e-02
0.006, 4.31857e-03, -1.96103e-03, -2.32260e-03, -5.41437e-04, -1.41268e-05, 1.73682e-04, 4.62257e-03, 9.69104e-01, -4.44759e-01, -5.09209e-01, -1.07745e-01, -6.65997e-03, 2.81562e-02
0.0061, 4.41549e-03, -2.00552e-03, -2.37349e-03, -5.52160e-04, -1.47706e-05, 1.76455e-04, 4.72505e-03, 9.69198e-01, -4.44864e-01, -5.08871e-01, -1.07226e-01, -6.43709e-03, 2.77319e-02
0.0062, 4.51241e-03, -2.05001e-03, -2.42434e-03, -5.62831e-04, -1.53918e-05, 1.79187e-04, 4.82750e-03, 9.69289e-01, -4.44962e-01, -5.08535e-01, -1.06711e-01, -6.21248e-03, 2.73168e-02
0.0063, 4.60935e-03, -2.09452e-03, -2.47516e-03, -5.73451e-04, -1.59905e-05, 1.81878e-04, 4.92993e-03, 9.69376e-01, -4.45054e-01, -5.08204e-01, -1.06202e-01, -5.98683e-03, 2.69113e-02
0.0064, 4.70630e-03, -2.13903e-03, -2.52595e-03, -5.84021e-04, -1.65666e-05, 1.84530e-04, 5.03234e-03, 9.69460e-01, -4.45141e-01, -5.07875e-01, -1.05697e-01, -5.76075e-03, 2.65155e-02
0.0065, 4.80325e-03, -2.18356e-03, -2.57670e-03, -5.94541e-04, -1.71200e-05, 1.87142e-04, 5.13472e-03, 9.69541e-01, -4.45222e-01, -5.07550e-01, -1.05198e-01, -5.53478e-03, 2.61295e-02
0.0066, 4.90021e-03, -2.22809e-03, -2.62743e-03, -6.05011e-04, -1.76510e-05, 1.89718e-04, 5.23708e-03, 9.69620e-01, -4.45297e-01, -5.07228e-01, -1.04704e-01, -5.30939e-03, 2.57534e-02
0.0067, 4.99718e-03, -2.27262e-03, -2.67812e-03, -6.15433e-04, -1.81595e-05, 1.92257e-04, 5.33941e-03, 9.69697e-01, -4.45367e-01, -5.06910e-01, -1.04214e-01, -5.08501e-03, 2.53871e-02
0.0068, 5.09416e-03, -2.31717e-03, -2.72878e-03, -6.25805e-04, -1.86457e-05, 1.94760e-04, 5.44171e-03, 9.69772e-01, -4.45433e-01, -5.06594e-01, -1.03729e-01, -4.86201e-03, 2.50307e-02
0.0069, 5.19115e-03, -2.36171e-03, -2.77940e-03, -6.36130e-04, -1.91098e-05, 1.97228e-04, 5.54399e-03, 9.69845e-01, -4.45494e-01, -5.06283e-01, -1.03249e-01, -4.64071e-03, 2.46841e-02
0.007, 5.28814e-03, -2.40627e-03, -2.83000e-03, -6.46408e-04, -1.95519e-05, 1.99663e-04, 5.64625e-03, 9.69917e-01, -4.45550e-01, -5.05974e-01, -1.02774e-01, -4.42139e-03, 2.43472e-02
0.0071, 5.38514e-03, -2.45083e-03, -2.88057e-03, -6.56638e-04, -1.99723e-05, 2.02065e-04, 5.74848e-03, 9.69987e-01, -4.45602e-01, -5.05669e-01, -1.02303e-01, -4.20430e-03, 2.40199e-02
0.0072, 5.48214e-03, -2.49539e-03, -2.93110e-03, -6.66822e-04, -2.03713e-05, 2.04435e-04, 5.85069e-03, 9.70055e-01, -4.45649e-01, -5.05367e-01, -1.01838e-01, -3.98962e-03, 2.37021e-02
0.0073, 5.57915e-03, -2.53996e-03, -2.98161e-03, -6.76959e-04, -2.07490e-05, 2.06774e-04, 5.95288e-03, 9.70122e-01, -4.45692e-01, -5.05068e-01, -1.01376e-01, -3.77756e-03, 2.33936e-02
0.0074, 5.67617e-03, -2.58454e-03, -3.03209e-03, -6.87051e-04, -2.11059e-05, 2.09084e-04, 6.05504e-03, 9.70189e-01, -4.45732e-01, -5.04772e-01, -1.00920e-01, -3.56824e-03, 2.30944e-02
0.0075, 5.77320e-03, -2.62911e-03, -3.08254e-03, -6.97098e-04, -2.14420e-05, 2.11364e-04, 6.15717e-03, 9.70253e-01, -4.45767e-01, -5.04479e-01, -1.00468e-01, -3.36179e-03, 2.28042e-02
0.0076, 5.87023e-03, -2.67369e-03, -3.13296e-03, -7.07100e-04, -2.17579e-05, 2.13616e-04, 6.25928e-03, 9.70317e-01, -4.45799e-01, -5.04190e-01, -1.00021e-01, -3.15831e-03, 2.25229e-02
0.0077, 5.96727e-03, -2.71828e-03, -3.18335e-03, -7.17058e-04, -2.20537e-05, 2.15841e-04, 6.36137e-03, 9.70380e-01, -4.45828e-01, -5.03903e-01, -9.95777e-02, -2.95788e-03, 2.22503e-02
0.0078, 6.06431e-03, -2.76286e-03, -3.23371e-03, -7.26972e-04, -2.23297e-05, 2.18040e-04, 6.46344e-03, 9.70442e-01, -4.45852e-01, -5.03619e-01, -9.91394e-02, -2.76056e-03, 2.19862e-02
0.0079, 6.16136e-03, -2.80745e-03, -3.28404e-03, -7.36843e-04, -2.25864e-05, 2.20213e-04, 6.56548e-03, 9.70504e-01, -4.45874e-01, -5.03339e-01, -9.87054e-02, -2.56640e-03, 2.17304e-02
0.008, 6.25842e-03, -2.85204e-03, -3.33435e-03, -7.46670e-04, -2.28239e-05, 2.22361e-04, 6.66750e-03, 9.70564e-01, -4.45892e-01, -5.03061e-01, -9.82759e-02, -2.37542e-03, 2.14827e-02
0.0081, 6.35548e-03, -2.89663e-03, -3.38463e-03, -7.56455e-04, -2.30427e-05, 2.24486e-04, 6.76950e-03, 9.70624e-01, -4.45907e-01, -5.02786e-01, -9.78507e-02, -2.18765e-03, 2.12430e-02
0.0082, 6.45255e-03, -2.94122e-03, -3.43488e-03, -7.66198e-04, -2.32430e-05, 2.26587e-04, 6.87147e-03, 9.70683e-01, -4.45919e-01, -5.02513e-01, -9.74298e-02, -2.00310e-03, 2.10109e-02
0.0083, 6.54962e-03, -2.98581e-03, -3.48510e-03, -7.75900e-04, -2.34252e-05, 2.28665e-04, 6.97343e-03, 9.70742e-01, -4.45927e-01, -5.02244e-01, -9.70132e-02, -1.82177e-03, 2.07864e-02
0.0084, 6.64670e-03, -3.03041e-03, -3.53530e-03, -7.85560e-04, -2.35895e-05, 2.30722e-04, 7.07536e-03, 9.70800e-01, -4.45933e-01, -5.01977e-01, -9.66008e-02, -1.64365e-03, 2.05692e-02
0.0085, 6.74379e-03, -3.07500e-03, -3.58547e-03, -7.95179e-04, -2.37364e-05, 2.32758e-04, 7.17727e-03, 9.70857e-01, -4.45936e-01, -5.01712e-01, -9.61926e-02, -1.46872e-03, 2.03591e-02
0.0086, 6.84088e-03, -3.11959e-03, -3.63562e-03, -8.04758e-04, -2.38661e-05, 2.34774e-04, 7.27915e-03, 9.70914e-01, -4.45937e-01, -5.01451e-01, -9.57886e-02, -1.29697e-03, 2.01559e-02
0.0087, 6.93798e-03, -3.16419e-03, -3.68574e-03, -8.14297e-04, -2.39789e-05, 2.36770e-04, 7.38102e-03, 9.70970e-01, -4.45934e-01, -5.01191e-01, -9.53887e-02, -1.12836e-03, 1.99594e-02
0.0088, 7.03508e-03, -3.20878e-03, -3.73583e-03, -8.23796e-04, -2.40752e-05, 2.38747e-04, 7.48286e-03, 9.71026e-01, -4.45929e-01, -5.00935e-01, -9.49928e-02, -9.62870e-04, 1.97695e-02
0.0089, 7.13219e-03, -3.25337e-03, -3.78590e-03, -8.33256e-04, -2.41553e-05, 2.40705e-04, 7.58468e-03, 9.71082e-01, -4.45921e-01, -5.00680e-01, -9.46010e-02, -8.00462e-04, 1.95860e-02
0.009, 7.22930e-03, -3.29796e-03, -3.83594e-03, -8.42677e-04, -2.42194e-05, 2.42646e-04, 7.68648e-03, 9.71137e-01, -4.45911e-01, -5.00428e-01, -9.42131e-02, -6.41100e-04, 1.94086e-02
0.0091, 7.32642e-03, -3.34255e-03, -3.88596e-03, -8.52060e-04, -2.42678e-05, 2.44570e-04, 7.78826e-03, 9.71191e-01, -4.45899e-01, -5.00179e-01, -9.38291e-02, -4.84744e-04, 1.92371e-02
0.0092, 7.42355e-03, -3.38714e-03, -3.93595e-03, -8.61405e-04, -2.43010e-05, 2.46477e-04, 7.89002e-03, 9.71246e-01, -4.45883e-01, -4.99931e-01, -9.34491e-02, -3.31351e-04, 1.90715e-02
0.0093, 7.52068e-03, -3.43173e-03, -3.98592e-03, -8.70712e-04, -2.43191e-05, 2.48368e-04, 7.99176e-03, 9.71299e-01, -4.45866e-01, -4.99686e-01, -9.30729e-02, -1.80878e-04, 1.89115e-02
0.0094, 7.61781e-03, -3.47631e-03, -4.03586e-03, -8.79982e-04, -2.43224e-05, 2.50244e-04, 8.09347e-03, 9.71353e-01, -4.45846e-01, -4.99444e-01, -9.27005e-02, -3.32794e-05, 1.87569e-02
0.0095, 7.71495e-03, -3.52090e-03, -4.08578e-03, -8.89216e-04, -2.43112e-05, 2.52105e-04, 8.19517e-03, 9.71406e-01, -4.45825e-01, -4.99203e-01, -9.23318e-02, 1.11490e-04, 1.86076e-02
0.0096, 7.81210e-03, -3.56548e-03, -4.13568e-03, -8.98412e-04, -2.42859e-05, 2.53951e-04, 8.29685e-03, 9.71459e-01, -4.45800e-01, -4.98964e-01, -9.19669e-02, 2.53479e-04, 1.84635e-02
0.0097, 7.90925e-03, -3.61005e-03, -4.18555e-03, -9.07573e-04, -2.42466e-05, 2.55783e-04, 8.39850e-03, 9.71511e-01, -4.45774e-01, -4.98728e-01, -9.16056e-02, 3.92733e-04, 1.83243e-02
0.0098, 8.00640e-03, -3.65463e-03, -4.23540e-03, -9.16698e-04, -2.41937e-05, 2.57602e-04, 8.50014e-03, 9.71564e-01, -4.45746e-01, -4.98493e-01, -9.12480e-02, 5.29301e-04, 1.81899e-02
0.0099, 8.10357e-03, -3.69920e-03, -4.28523e-03, -9.25787e-04, -2.41274e-05, 2.59408e-04, 8.60175e-03, 9.71616e-01, -4.45716e-01, -4.98261e-01, -9.08940e-02, 6.63232e-04, 1.80602e-02
0.01, 8.20073e-03, -3.74377e-03, -4.33503e-03, -9.34841e-04, -2.40479e-05, 2.61202e-04, 8.70335e-03, 9.71667e-01, -4.45683e-01, -4.98030e-01, -9.05434e-02, 7.94572e-04, 1.79350e-02
0.0101, 8.29791e-03, -3.78833e-03, -4.38481e-03, -9.43861e-04, -2.39556e-05, 2.62983e-04, 8.80493e-03, 9.71718e-01, -4.45649e-01, -4.97802e-01, -9.01964e-02, 9.23372e-04, 1.78142e-02
0.0102, 8.39508e-03, -3.83289e-03, -4.43457e-03, -9.52846e-04, -2.38506e-05, 2.64753e-04, 8.90648e-03, 9.71769e-01, -4.45613e-01, -4.97575e-01, -8.98529e-02, 1.04968e-03, 1.76976e-02
0.0103, 8.49226e-03, -3.87745e-03, -4.48430e-03, -9.61798e-04, -2.37333e-05, 2.66512e-04, 9.00802e-03, 9.71820e-01, -4.45575e-01, -4.97350e-01, -8.95127e-02, 1.17354e-03, 1.75851e-02
0.0104, 8.58945e-03, -3.92201e-03, -4.53402e-03, -9.70715e-04, -2.36038e-05, 2.68259e-04, 9.10954e-03, 9.71871e-01, -4.45535e-01, -4.97127e-01, -8.91759e-02, 1.29500e-03, 1.74766e-02
0.0105, 8.68664e-03, -3.96655e-03, -4.58371e-03, -9.79599e-04, -2.34623e-05, 2.69996e-04, 9.21104e-03, 9.71921e-01, -4.45494e-01, -4.96906e-01, -8.88424e-02, 1.41411e-03, 1.73720e-02
0.0106, 8.78384e-03, -4.01110e-03, -4.63338e-03, -9.88451e-04, -2.33092e-05, 2.71724e-04, 9.31252e-03, 9.71971e-01, -4.45451e-01, -4.96686e-01, -8.85122e-02, 1.53092e-03, 1.72711e-02
0.0107, 8.88104e-03, -4.05564e-03, -4.68302e-03, -9.97269e-04, -2.31447e-05, 2.73441e-04, 9.41398e-03, 9.72021e-01, -4.45406e-01, -4.96468e-01, -8.81853e-02, 1.64546e-03, 1.71738e-02
0.0108, 8.97825e-03, -4.10018e-03, -4.73265e-03, -1.00606e-03, -2.29689e-05, 2.75149e-04, 9.51542e-03, 9.72070e-01, -4.45359e-01, -4.96252e-01, -8.78615e-02, 1.75780e-03, 1.70800e-02
0.0109, 9.07546e-03, -4.14471e-03, -4.78225e-03, -1.01481e-03, -2.27821e-05, 2.76848e-04, 9.61684e-03, 9.72119e-01, -4.45311e-01, -4.96038e-01, -8.75409e-02, 1.86796e-03, 1.69896e-02
0.011, 9.17268e-03, -4.18923e-03, -4.83183e-03, -1.02353e-03, -2.25845e-05, 2.78538e-04, 9.71825e-03, 9.72168e-01, -4.45261e-01, -4.95825e-01, -8.72234e-02, 1.97600e-03, 1.69025e-02
0.0111, 9.26990e-03, -4.23375e-03, -4.88140e-03, -1.03222e-03, -2.23763e-05, 2.80220e-04, 9.81964e-03, 9.72217e-01, -4.45210e-01, -4.95613e-01, -8.69089e-02, 2.08195e-03, 1.68186e-02
0.0112, 9.36713e-03, -4.27827e-03, -4.93094e-03, -1.04088e-03, -2.21577e-05, 2.81894e-04, 9.92100e-03, 9.72266e-01, -4.45157e-01, -4.95403e-01, -8.65975e-02, 2.18587e-03, 1.67378e-02
0.0113, 9.46436e-03, -4.32278e-03, -4.98046e-03, -1.04951e-03, -2.19290e-05, 2.83560e-04, 1.00224e-02, 9.72314e-01, -4.45102e-01, -4.95195e-01, -8.62891e-02, 2.28779e-03, 1.66600e-02
0.0114, 9.56159e-03, -4.36728e-03, -5.02995e-03, -1.05811e-03, -2.16902e-05, 2.85218e-04, 1.01237e-02, 9.72362e-01, -4.45046e-01, -4.94988e-01, -8.59836e-02, 2.38775e-03, 1.65851e-02
0.0115, 9.65884e-03, -4.41178e-03, -5.07943e-03, -1.06668e-03, -2.14416e-05, 2.86870e-04, 1.02250e-02, 9.72410e-01, -4.44989e-01, -4.94783e-01, -8.56810e-02, 2.48579e-03, 1.65130e-02
0.0116, 9.75608e-03, -4.45628e-03, -5.12889e-03, -1.07522e-03, -2.11834e-05, 2.88514e-04, 1.03263e-02, 9.72458e-01, -4.44930e-01, -4.94579e-01, -8.53813e-02, 2.58196e-03, 1.64436e-02
0.0117, 9.85333e-03, -4.50076e-03, -5.17833e-03, -1.08372e-03, -2.09158e-05, 2.90152e-04, 1.04276e-02, 9.72505e-01, -4.44870e-01, -4.94376e-01, -8.50845e-02, 2.67629e-03, 1.63769e-02
0.0118, 9.95059e-03, -4.54524e-03, -5.22775e-03, -1.09220e-03, -2.06389e-05, 2.91783e-04, 1.05288e-02, 9.72553e-01, -4.44809e-01, -4.94175e-01, -8.47904e-02, 2.76882e-03, 1.63128e-02
0.0119, 1.00478e-02, -4.58972e-03, -5.27714e-03, -1.10065e-03, -2.03529e-05, 2.93408e-04, 1.06301e-02, 9.72600e-01, -4.44746e-01, -4.93975e-01, -8.44991e-02, 2.85958e-03, 1.62511e-02
0.012, 1.01451e-02, -4.63419e-03, -5.32652e-03, -1.10907e-03, -2.00581e-05, 2.95027e-04, 1.07313e-02, 9.72647e-01, -4.44682e-01, -4.93777e-01, -8.42105e-02, 2.94862e-03, 1.61919e-02
0.0121, 1.02424e-02, -4.67865e-03, -5.37588e-03, -1.11747e-03, -1.97545e-05, 2.96641e-04, 1.08325e-02, 9.72693e-01, -4.44617e-01, -4.93580e-01, -8.39246e-02, 3.03597e-03, 1.61350e-02
0.0122, 1.03397e-02, -4.72310e-03, -5.42522e-03, -1.12583e-03, -1.94423e-05, 2.98249e-04, 1.09337e-02, 9.72740e-01, -4.44551e-01, -4.93384e-01, -8.36414e-02, 3.12165e-03, 1.60804e-02
0.0123, 1.04369e-02, -4.76755e-03, -5.47454e-03, -1.13417e-03, -1.91218e-05, 2.99852e-04, 1.10349e-02, 9.72786e-01, -4.44483e-01, -4.93189e-01, -8.33607e-02, 3.20572e-03, 1.60280e-02
0.0124, 1.05342e-02, -4.81199e-03, -5.52384e-03, -1.14248e-03, -1.87929e-05, 3.01449e-04, 1.11360e-02, 9.72832e-01, -4.44414e-01, -4.92995e-01, -8.30827e-02, 3.28820e-03, 1.59777e-02
0.0125, 1.06315e-02, -4.85643e-03, -5.57312e-03, -1.15076e-03, -1.84560e-05, 3.03042e-04, 1.12372e-02, 9.72878e-01, -4.44344e-01, -4.92803e-01, -8.28072e-02, 3.36911e-03, 1.59295e-02
0.0126, 1.07288e-02, -4.90086e-03, -5.62238e-03, -1.15901e-03, -1.81112e-05, 3.04631e-04, 1.13383e-02, 9.72924e-01, -4.44273e-01, -4.92612e-01, -8.25343e-02, 3.44851e-03, 1.58834e-02
0.0127, 1.08261e-02, -4.94528e-03, -5.67162e-03, -1.16724e-03, -1.77585e-05, 3.06215e-04, 1.14394e-02, 9.72969e-01, -4.44201e-01, -4.92422e-01, -8.22638e-02, 3.52640e-03, 1.58392e-02
0.0128, 1.09234e-02, -4.98969e-03, -5.72084e-03, -1.17544e-03, -1.73982e-05, 3.07794e-04, 1.15405e-02, 9.73015e-01, -4.44127e-01, -4.92233e-01, -8.19958e-02, 3.60284e-03, 1.57969e-02
0.0129, 1.10207e-02, -5.03409e-03, -5.77005e-03, -1.18361e-03, -1.70305e-05, 3.09370e-04, 1.16415e-02, 9.73060e-01, -4.44053e-01, -4.92045e-01, -8.17302e-02, 3.67784e-03, 1.57565e-02
0.013, 1.11180e-02, -5.07849e-03, -5.81923e-03, -1.19176e-03, -1.66553e-05, 3.10942e-04, 1.17426e-02, 9.73105e-01, -4.43978e-01, -4.91859e-01, -8.14670e-02, 3.75143e-03, 1.57178e-02
0.0131, 1.12153e-02, -5.12288e-03, -5.86840e-03, -1.19988e-03, -1.62730e-05, 3.12510e-04, 1.18436e-02, 9.73150e-01, -4.43901e-01, -4.91673e-01, -8.12061e-02, 3.82364e-03, 1.56809e-02
0.0132, 1.13126e-02, -5.16726e-03, -5.91755e-03, -1.20797e-03, -1.58835e-05, 3.14074e-04, 1.19446e-02, 9.73194e-01, -4.43824e-01, -4.91488e-01, -8.09476e-02, 3.89450e-03, 1.56458e-02
0.0133, 1.14100e-02, -5.21164e-03, -5.96668e-03, -1.21604e-03, -1.54871e-05, 3.15636e-04, 1.20456e-02, 9.73239e-01, -4.43745e-01, -4.91305e-01, -8.06914e-02, 3.96404e-03, 1.56122e-02
0.0134, 1.15073e-02, -5.25601e-03, -6.01579e-03, -1.22408e-03, -1.50839e-05, 3.17194e-04, 1.21466e-02, 9.73283e-01, -4.43666e-01, -4.91122e-01, -8.04375e-02, 4.03228e-03, 1.55803e-02
0.0135, 1.16046e-02, -5.30036e-03, -6.06489e-03, -1.23210e-03, -1.46739e-05, 3.18749e-04, 1.22476e-02, 9.73327e-01, -4.43586e-01, -4.90941e-01, -8.01858e-02, 4.09925e-03, 1.55500e-02
0.0136, 1.17020e-02, -5.34471e-03, -6.11396e-03, -1.24010e-03, -1.42575e-05, 3.20301e-04, 1.23486e-02, 9.73371e-01, -4.43504e-01, -4.90760e-01, -7.99363e-02, 4.16496e-03, 1.55211e-02
0.0137, 1.17993e-02, -5.38906e-03, -6.16302e-03, -1.24806e-03, -1.38345e-05, 3.21850e-04, 1.24495e-02, 9.73415e-01, -4.43422e-01, -4.90580e-01, -7.96890e-02, 4.22946e-03, 1.54938e-02
0.0138, 1.18967e-02, -5.43339e-03, -6.21206e-03, -1.25601e-03, -1.34052e-05, 3.23397e-04, 1.25504e-02, 9.73459e-01, -4.43339e-01, -4.90402e-01, -7.94439e-02, 4.29275e-03, 1.54679e-02
0.0139, 1.19940e-02, -5.47772e-03, -6.26108e-03, -1.26393e-03, -1.29697e-05, 3.24941e-04, 1.26513e-02, 9.73502e-01, -4.43255e-01, -4.90224e-01, -7.92009e-02, 4.35487e-03, 1.54434e-02
0.014, 1.20914e-02, -5.52203e-03, -6.31009e-03, -1.27183e-03, -1.25282e-05, 3.26483e-04, 1.27522e-02, 9.73546e-01, -4.43170e-01, -4.90047e-01, -7.89600e-02, 4.41584e-03, 1.54203e-02
0.0141, 1.21887e-02, -5.56634e-03, -6.35907e-03, -1.27970e-03, -1.20806e-05, 3.28023e-04, 1.28531e-02, 9.73589e-01, -4.43085e-01, -4.89871e-01, -7.87212e-02, 4.47567e-03, 1.53984e-02
0.0142, 1.22861e-02, -5.61064e-03, -6.40804e-03, -1.28755e-03, -1.16272e-05, 3.29561e-04, 1.29539e-02, 9.73632e-01, -4.42998e-01, -4.89696e-01, -7.84845e-02, 4.53439e-03, 1.53779e-02
0.0143, 1.23834e-02, -5.65493e-03, -6.45700e-03, -1.29537e-03, -1.11680e-05, 3.31097e-04, 1.30548e-02, 9.73675e-01, -4.42911e-01, -4.89522e-01, -7.82498e-02, 4.59202e-03, 1.53587e-02
0.0144, 1.24808e-02, -5.69921e-03, -6.50593e-03, -1.30317e-03, -1.07031e-05, 3.32631e-04, 1.31556e-02, 9.73718e-01, -4.42823e-01, -4.89348e-01, -7.80171e-02, 4.64858e-03, 1.53407e-02
0.0145, 1.25782e-02, -5.74349e-03, -6.55485e-03, -1.31095e-03, -1.02327e-05, 3.34163e-04, 1.32564e-02, 9.73760e-01, -4.42734e-01, -4.89176e-01, -7.77864e-02, 4.70410e-03, 1.53238e-02
0.0146, 1.26756e-02, -5.78775e-03, -6.60375e-03, -1.31871e-03, -9.75683e-06, 3.35694e-04, 1.33572e-02, 9.73803e-01, -4.42645e-01, -4.89004e-01, -7.75576e-02, 4.75858e-03, 1.53082e-02
0.0147, 1.27730e-02, -5.83201e-03, -6.65263e-03, -1.32644e-03, -9.27562e-06, 3.37223e-04, 1.34580e-02, 9.73845e-01, -4.42555e-01, -4.88833e-01, -7.73308e-02, 4.81205e-03, 1.52937e-02
0.0148, 1.28704e-02, -5.87625e-03, -6.70150e-03, -1.33415e-03, -8.78917e-06, 3.38751e-04, 1.35587e-02, 9.73887e-01, -4.42464e-01, -4.88663e-01, -7.71059e-02, 4.86453e-03, 1.52803e-02
0.0149, 1.29677e-02, -5.92049e-03, -6.75035e-03, -1.34184e-03, -8.29756e-06, 3.40278e-04, 1.36595e-02, 9.73929e-01, -4.42372e-01, -4.88493e-01, -7.68828e-02, 4.91604e-03, 1.52679e-02
0.015, 1.30651e-02, -5.96472e-03, -6.79918e-03, -1.34950e-03, -7.80090e-06, 3.41804e-04, 1.37602e-02, 9.73971e-01, -4.42280e-01, -4.88324e-01, -7.66616e-02, 4.96659e-03, 1.52567e-02
0.0151, 1.31625e-02, -6.00894e-03, -6.84800e-03, -1.35715e-03, -7.29928e-06, 3.43329e-04, 1.38609e-02, 9.74013e-01, -4.42187e-01, -4.88156e-01, -7.64423e-02, 5.01620e-03, 1.52464e-02
0.0152, 1.32599e-02, -6.05315e-03, -6.89679e-03, -1.36477e-03, -6.79280e-06, 3.44852e-04, 1.39616e-02, 9.74054e-01, -4.42093e-01, -4.87989e-01, -7.62248e-02, 5.06489e-03, 1.52372e-02
0.0153, 1.33574e-02, -6.09735e-03, -6.94558e-03, -1.37237e-03, -6.28153e-06, 3.46375e-04, 1.40623e-02, 9.74096e-01, -4.41998e-01, -4.87823e-01, -7.60091e-02, 5.11267e-03, 1.52289e-02
0.0154, 1.34548e-02, -6.14154e-03, -6.99434e-03, -1.37995e-03, -5.76557e-06, 3.47897e-04, 1.41630e-02, 9.74137e-01, -4.41903e-01, -4.87657e-01, -7.57951e-02, 5.15957e-03, 1.52216e-02
0.0155, 1.35522e-02, -6.18572e-03, -7.04309e-03, -1.38751e-03, -5.24501e-06, 3.49419e-04, 1.42637e-02, 9.74178e-01, -4.41808e-01, -4.87491e-01, -7.55829e-02, 5.20559e-03, 1.52153e-02
0.0156, 1.36496e-02, -6.22989e-03, -7.09182e-03, -1.39505e-03, -4.71994e-06, 3.50940e-04, 1.43643e-02, 9.74219e-01, -4.41712e-01, -4.87327e-01, -7.53724e-02, 5.25076e-03, 1.52098e-02
0.0157, 1.37470e-02, -6.27405e-03, -7.14054e-03, -1.40256e-03, -4.19043e-06, 3.52460e-04, 1.44649e-02, 9.74260e-01, -4.41615e-01, -4.87163e-01, -7.51637e-02, 5.29508e-03, 1.52053e-02
0.0158, 1.38445e-02, -6.31820e-03, -7.18924e-03, -1.41006e-03, -3.65657e-06, 3.53981e-04, 1.45655e-02, 9.74301e-01, -4.41517e-01, -4.87000e-01, -7.49566e-02, 5.33857e-03, 1.52016e-02
0.0159, 1.39419e-02, -6.36234e-03, -7.23792e-03, -1.41753e-03, -3.11844e-06, 3.55500e-04, 1.46661e-02, 9.74341e-01, -4.41419e-01, -4.86837e-01, -7.47512e-02, 5.38126e-03, 1.51987e-02
0.016, 1.40393e-02, -6.40648e-03, -7.28659e-03, -1.42499e-03, -2.57613e-06, 3.57020e-04, 1.47667e-02, 9.74382e-01, -4.41321e-01, -4.86675e-01, -7.45475e-02, 5.42314e-03, 1.51967e-02
0.0161, 1.41368e-02, -6.45060e-03, -7.33524e-03, -1.43242e-03, -2.02971e-06, 3.58540e-04, 1.48673e-02, 9.74422e-01, -4.41222e-01, -4.86514e-01, -7.43453e-02, 5.46424e-03, 1.51955e-02
0.0162, 1.42342e-02, -6.49471e-03, -7.38388e-03, -1.43984e-03, -1.47925e-06, 3.60059e-04, 1.49678e-02, 9.74462e-01, -4.41122e-01, -4.86353e-01, -7.41448e-02, 5.50456e-03, 1.51951e-02
0.0163, 1.43317e-02, -6.53881e-03, -7.43250e-03, -1.44723e-03, -9.24838e-07, 3.61579e-04, 1.50684e-02, 9.74503e-01, -4.41022e-01, -4.86193e-01, -7.39459e-02, 5.54413e-03, 1.51955e-02
0.0164, 1.44291e-02, -6.58291e-03, -7.48110e-03, -1.45461e-03, -3.66542e-07, 3.63098e-04, 1.51689e-02, 9.74542e-01, -4.40921e-01, -4.86033e-01, -7.37486e-02, 5.58295e-03, 1.51966e-02
0.0165, 1.45266e-02, -6.62699e-03, -7.52969e-03, -1.46196e-03, 1.95563e-07, 3.64618e-04, 1.52694e-02, 9.74582e-01, -4.40820e-01, -4.85874e-01, -7.35528e-02, 5.62105e-03, 1.51984e-02
0.0166, 1.46241e-02, -6.67106e-03, -7.57826e-03, -1.46930e-03, 7.61404e-07, 3.66138e-04, 1.53699e-02, 9.74622e-01, -4.40719e-01, -4.85716e-01, -7.33585e-02, 5.65842e-03, 1.52010e-02
0.0167, 1.47215e-02, -6.71512e-03, -7.62682e-03, -1.47662e-03, 1.33091e-06, 3.67659e-04, 1.54704e-02, 9.74662e-01, -4.40616e-01, -4.85558e-01, -7.31658e-02, 5.69508e-03, 1.52043e-02
0.0168, 1.48190e-02, -6.75917e-03, -7.67536e-03, -1.48391e-03, 1.90402e-06, 3.69180e-04, 1.55708e-02, 9.74701e-01, -4.40514e-01, -4.85400e-01, -7.29745e-02, 5.73105e-03, 1.52083e-02
0.0169, 1.49165e-02, -6.80321e-03, -7.72388e-03, -1.49119e-03, 2.48065e-06, 3.70701e-04, 1.56713e-02, 9.74741e-01, -4.40411e-01, -4.85243e-01, -7.27848e-02, 5.76633e-03, 1.52130e-02
0.017, 1.50139e-02, -6.84724e-03, -7.77239e-03, -1.49845e-03, 3.06074e-06, 3.72223e-04, 1.57717e-02, 9.74780e-01, -4.40307e-01, -4.85087e-01, -7.25965e-02, 5.80094e-03, 1.52183e-02
0.0171, 1.51114e-02, -6.89126e-03, -7.82088e-03, -1.50569e-03, 3.64423e-06, 3.73745e-04, 1.58722e-02, 9.74819e-01, -4.40203e-01, -4.84931e-01, -7.24097e-02, 5.83489e-03, 1.52242e-02
0.0172, 1.52089e-02, -6.93527e-03, -7.86936e-03, -1.51291e-03, 4.23105e-06, 3.75268e-04, 1.59726e-02, 9.74858e-01, -4.40099e-01, -4.84776e-01, -7.22242e-02, 5.86819e-03, 1.52308e-02
0.0173, 1.53064e-02, -6.97927e-03, -7.91782e-03, -1.52012e-03, 4.82114e-06, 3.76792e-04, 1.60730e-02, 9.74897e-01, -4.39994e-01, -4.84621e-01, -7.20403e-02, 5.90085e-03, 1.52381e-02
0.0174, 1.54039e-02, -7.02326e-03, -7.96627e-03, -1.52730e-03, 5.41443e-06, 3.78317e-04, 1.61733e-02, 9.74936e-01, -4.39889e-01, -4.84467e-01, -7.18577e-02, 5.93288e-03, 1.52459e-02
0.0175, 1.55014e-02, -7.06724e-03, -8.01470e-03, -1.53447e-03, 6.01086e-06, 3.79842e-04, 1.62737e-02, 9.74975e-01, -4.39783e-01, -4.84313e-01, -7.16765e-02, 5.96430e-03, 1.52543e-02
0.0176, 1.55989e-02, -7.11121e-03, -8.06312e-03, -1.54162e-03, 6.61037e-06, 3.81368e-04, 1.63741e-02, 9.75013e-01, -4.39677e-01, -4.84159e-01, -7.14966e-02, 5.99510e-03, 1.52633e-02
0.0177, 1.56964e-02, -7.15517e-03, -8.11152e-03, -1.54875e-03, 7.21290e-06, 3.82896e-04, 1.64744e-02, 9.75052e-01, -4.39571e-01, -4.84006e-01, -7.13182e-02, 6.02531e-03, 1.52729e-02
0.0178, 1.57939e-02, -7.19911e-03, -8.15990e-03, -1.55587e-03, 7.81839e-06, 3.84424e-04, 1.65747e-02, 9.75090e-01, -4.39464e-01, -4.83854e-01, -7.11410e-02, 6.05493e-03, 1.52831e-02
0.0179, 1.58914e-02, -7.24305e-03, -8.20827e-03, -1.56296e-03, 8.42679e-06, 3.85953e-04, 1.66750e-02, 9.75129e-01, -4.39357e-01, -4.83701e-01, -7.09652e-02, 6.08397e-03, 1.52937e-02
0.018, 1.59889e-02, -7.28697e-03, -8.25663e-03, -1.57004e-03, 9.03803e-06, 3.87484e-04, 1.67753e-02, 9.75167e-01, -4.39249e-01, -4.83550e-01, -7.07907e-02, 6.11243e-03, 1.53050e-02
0.0181, 1.60865e-02, -7.33089e-03, -8.30497e-03, -1.57710e-03, 9.65206e-06, 3.89015e-04, 1.68756e-02, 9.75205e-01, -4.39142e-01, -4.83398e-01, -7.06175e-02, 6.14034e-03, 1.53167e-02
0.0182, 1.61840e-02, -7.37479e-03, -8.35329e-03, -1.58415e-03, 1.02688e-05, 3.90548e-04, 1.69759e-02, 9.75243e-01, -4.39033e-01, -4.83247e-01, -7.04455e-02, 6.16770e-03, 1.53290e-02
0.0183, 1.62815e-02, -7.41868e-03, -8.40160e-03, -1.59118e-03, 1.08883e-05, 3.92083e-04, 1.70761e-02, 9.75281e-01, -4.38925e-01, -4.83097e-01, -7.02749e-02, 6.19451e-03, 1.53417e-02
0.0184, 1.63790e-02, -7.46256e-03, -8.44990e-03, -1.59819e-03, 1.15104e-05, 3.93618e-04, 1.71764e-02, 9.75318e-01, -4.38816e-01, -4.82947e-01, -7.01055e-02, 6.22079e-03, 1.53550e-02
0.0185, 1.64766e-02, -7.50644e-03, -8.49818e-03, -1.60518e-03, 1.21350e-05, 3.95155e-04, 1.72766e-02, 9.75356e-01, -4.38707e-01, -4.82797e-01, -6.99373e-02, 6.24655e-03, 1.53687e-02
0.0186, 1.65741e-02, -7.55030e-03, -8.54644e-03, -1.61216e-03, 1.27622e-05, 3.96693e-04, 1.73768e-02, 9.75394e-01, -4.38597e-01, -4.82648e-01, -6.97703e-02, 6.27179e-03, 1.53830e-02
0.0187, 1.66717e-02, -7.59414e-03, -8.59469e-03, -1.61912e-03, 1.33919e-05, 3.98233e-04, 1.74770e-02, 9.75431e-01, -4.38487e-01, -4.82499e-01, -6.96046e-02, 6.29652e-03, 1.53976e-02
0.0188, 1.67692e-02, -7.63798e-03, -8.64293e-03, -1.62606e-03, 1.40239e-05, 3.99774e-04, 1.75772e-02, 9.75469e-01, -4.38377e-01, -4.82350e-01, -6.94401e-02, 6.32074e-03, 1.54128e-02
0.0189, 1.68668e-02, -7.68181e-03, -8.69115e-03, -1.63299e-03, 1.46584e-05, 4.01317e-04, 1.76774e-02, 9.75506e-01, -4.38267e-01, -4.82202e-01, -6.92767e-02, 6.34448e-03, 1.54284e-02
0.019, 1.69643e-02, -7.72562e-03, -8.73935e-03, -1.63990e-03, 1.52951e-05, 4.02862e-04, 1.77776e-02, 9.75543e-01, -4.38156e-01, -4.82054e-01, -6.91145e-02, 6.36773e-03, 1.54444e-02
0.0191, 1.70619e-02, -7.76943e-03, -8.78754e-03, -1.64680e-03, 1.59342e-05, 4.04408e-04, 1.78777e-02, 9.75580e-01, -4.38045e-01, -4.81907e-01, -6.89535e-02, 6.39050e-03, 1.54608e-02
0.0192, 1.71594e-02, -7.81322e-03, -8.83572e-03, -1.65368e-03, 1.65755e-05, 4.05955e-04, 1.79778e-02, 9.75617e-01, -4.37934e-01, -4.81760e-01, -6.87936e-02, 6.41280e-03, 1.54777e-02
0.0193, 1.72570e-02, -7.85700e-03, -8.88388e-03, -1.66054e-03, 1.72189e-05, 4.07505e-04, 1.80780e-02, 9.75654e-01, -4.37823e-01, -4.81613e-01, -6.86349e-02, 6.43464e-03, 1.54950e-02
0.0194, 1.73546e-02, -7.90078e-03, -8.93203e-03, -1.66739e-03, 1.78645e-05, 4.09056e-04, 1.81781e-02, 9.75691e-01, -4.37711e-01, -4.81467e-01, -6.84773e-02, 6.45603e-03, 1.55127e-02
0.0195, 1.74521e-02, -7.94454e-03, -8.98016e-03, -1.67422e-03, 1.85122e-05, 4.10609e-04, 1.82782e-02, 9.75728e-01, -4.37599e-01, -4.81320e-01, -6.83208e-02, 6.47696e-03, 1.55308e-02
0.0196, 1.75497e-02, -7.98828e-03, -9.02828e-03, -1.68104e-03, 1.91620e-05, 4.12164e-04, 1.83783e-02, 9.75765e-01, -4.37487e-01, -4.81175e-01, -6.81654e-02, 6.49745e-03, 1.55493e-02
0.0197, 1.76473e-02, -8.03202e-03, -9.07638e-03, -1.68784e-03, 1.98137e-05, 4.13721e-04, 1.84783e-02, 9.75801e-01, -4.37374e-01, -4.81029e-01, -6.80110e-02, 6.51751e-03, 1.55681e-02
0.0198, 1.77449e-02, -8.07575e-03, -9.12447e-03, -1.69462e-03, 2.04675e-05, 4.15280e-04, 1.85784e-02, 9.75838e-01, -4.37261e-01, -4.80884e-01, -6.78578e-02, 6.53714e-03, 1.55874e-02
0.0199, 1.78425e-02, -8.11946e-03, -9.17254e-03, -1.70139e-03, 2.11231e-05, 4.16840e-04, 1.86784e-02, 9.75874e-01, -4.37148e-01, -4.80739e-01, -6.77056e-02, 6.55635e-03, 1.56070e-02
0.02, 1.79401e-02, -8.16317e-03, -9.22060e-03, -1.70815e-03, 2.17806e-05, 4.18403e-04, 1.87785e-02, 9.75910e-01, -4.37035e-01, -4.80594e-01, -6.75545e-02, 6.57514e-03, 1.56270e-02
0.0201, 1.80376e-02, -8.20686e-03, -9.26864e-03, -1.71489e-03, 2.24400e-05, 4.19968e-04, 1.88785e-02, 9.75947e-01, -4.36922e-01, -4.80450e-01, -6.74044e-02, 6.59353e-03, 1.56473e-02
0.0202, 1.81352e-02, -8.25054e-03, -9.31668e-03, -1.72162e-03, 2.31011e-05, 4.21535e-04, 1.89785e-02, 9.75983e-01, -4.36808e-01, -4.80306e-01, -6.72554e-02, 6.61151e-03, 1.56680e-02
0.0203, 1.82328e-02, -8.29421e-03, -9.36469e-03, -1.72833e-03, 2.37640e-05, 4.23104e-04, 1.90785e-02, 9.76019e-01, -4.36694e-01, -4.80162e-01, -6.71074e-02, 6.62909e-03, 1.56890e-02
0.0204, 1.83305e-02, -8.33787e-03, -9.41269e-03, -1.73502e-03, 2.44286e-05, 4.24675e-04, 1.91785e-02, 9.76055e-01, -4.36580e-01, -4.80019e-01, -6.69603e-02, 6.64629e-03, 1.57103e-02
0.0205, 1.84281e-02, -8.38151e-03, -9.46068e-03, -1.74170e-03, 2.50950e-05, 4.26248e-04, 1.92784e-02, 9.76091e-01, -4.36466e-01, -4.79876e-01, -6.68143e-02, 6.66310e-03, 1.57320e-02
0.0206, 1.85257e-02, -8.42515e-03, -9.50865e-03, -1.74837e-03, 2.57629e-05, 4.27823e-04, 1.93784e-02, 9.76127e-01, -4.36352e-01, -4.79733e-01, -6.66693e-02, 6.67953e-03, 1.57540e-02
0.0207, 1.86233e-02, -8.46877e-03, -9.55661e-03, -1.75502e-03, 2.64325e-05, 4.29401e-04, 1.94783e-02, 9.76162e-01, -4.36237e-01, -4.79590e-01, -6.65253e-02, 6.69558e-03, 1.57764e-02
0.0208, 1.87209e-02, -8.51238e-03, -9.60456e-03, -1.76166e-03, 2.71036e-05, 4.30981e-04, 1.95783e-02, 9.76198e-01, -4.36122e-01, -4.79448e-01, -6.63822e-02, 6.71127e-03, 1.57990e-02
0.0209, 1.88185e-02, -8.55598e-03, -9.65249e-03, -1.76829e-03, 2.77763e-05, 4.32563e-04, 1.96782e-02, 9.76234e-01, -4.36007e-01, -4.79306e-01, -6.62401e-02, 6.72660e-03, 1.58219e-02
0.021, 1.89162e-02, -8.59957e-03, -9.70041e-03, -1.77489e-03, 2.84504e-05, 4.34147e-04, 1.97781e-02, 9.76269e-01, -4.35892e-01, -4.79164e-01, -6.60989e-02, 6.74157e-03, 1.58452e-02
0.0211, 1.90138e-02, -8.64315e-03, -9.74831e-03, -1.78149e-03, 2.91260e-05, 4.35734e-04, 1.98780e-02, 9.76305e-01, -4.35777e-01, -4.79022e-01, -6.59587e-02, 6.75619e-03, 1.58687e-02
0.0212, 1.91114e-02, -8.68672e-03, -9.79620e-03, -1.78807e-03, 2.98031e-05, 4.37324e-04, 1.99779e-02, 9.76340e-01, -4.35662e-01, -4.78881e-01, -6.58194e-02, 6.77046e-03, 1.58926e-02
0.0213, 1.92091e-02, -8.73027e-03, -9.84407e-03, -1.79464e-03, 3.04815e-05, 4.38915e-04, 2.00778e-02, 9.76375e-01, -4.35546e-01, -4.78740e-01, -6.56811e-02, 6.78440e-03, 1.59167e-02
0.0214, 1.93067e-02, -8.77382e-03, -9.89193e-03, -1.80120e-03, 3.11613e-05, 4.40509e-04, 2.01776e-02, 9.76411e-01, -4.35430e-01, -4.78599e-01, -6.55436e-02, 6.79799e-03, 1.59411e-02
0.0215, 1.94044e-02, -8.81735e-03, -9.93978e-03, -1.80774e-03, 3.18424e-05, 4.42106e-04, 2.02775e-02, 9.76446e-01, -4.35314e-01, -4.78458e-01, -6.54070e-02, 6.81126e-03, 1.59658e-02
0.0216, 1.95020e-02, -8.86087e-03, -9.98761e-03, -1.81426e-03, 3.25249e-05, 4.43705e-04, 2.03773e-02, 9.76481e-01, -4.35198e-01, -4.78317e-01, -6.52714e-02, 6.82420e-03, 1.59907e-02
0.0217, 1.95997e-02, -8.90437e-03, -1.00354e-02, -1.82078e-03, 3.32085e-05, 4.45307e-04, 2.04771e-02, 9.76516e-01, -4.35082e-01, -4.78177e-01, -6.51366e-02, 6.83682e-03, 1.60159e-02
0.0218, 1.96973e-02, -8.94787e-03, -1.00832e-02, -1.82728e-03, 3.38935e-05, 4.46911e-04, 2.05769e-02, 9.76551e-01, -4.34966e-01, -4.78037e-01, -6.50027e-02, 6.84912e-03, 1.60414e-02
0.0219, 1.97950e-02, -8.99136e-03, -1.01310e-02, -1.83376e-03, 3.45796e-05, 4.48517e-04, 2.06767e-02, 9.76586e-01, -4.34849e-01, -4.77897e-01, -6.48697e-02, 6.86111e-03, 1.60672e-02
0.022, 1.98926e-02, -9.03483e-03, -1.01788e-02, -1.84024e-03, 3.52668e-05, 4.50127e-04, 2.07765e-02, 9.76620e-01, -4.34733e-01, -4.77758e-01, -6.47375e-02, 6.87279e-03, 1.60931e-02
0.0221, 1.99903e-02, -9.07829e-03, -1.02266e-02, -1.84670e-03, 3.59553e-05, 4.51739e-04, 2.08763e-02, 9.76655e-01, -4.34616e-01, -4.77618e-01, -6.46062e-02, 6.88417e-03, 1.61194e-02
0.0222, 2.00880e-02, -9.12174e-03, -1.02743e-02, -1.85315e-03, 3.66448e-05, 4.53353e-04, 2.09761e-02, 9.76690e-01, -4.34499e-01, -4.77479e-01, -6.44757e-02, 6.89525e-03, 1.61458e-02
0.0223, 2.01856e-02, -9.16518e-03, -1.03220e-02, -1.85958e-03, 3.73354e-05, 4.54971e-04, 2.10758e-02, 9.76724e-01, -4.34382e-01, -4.77340e-01, -6.43460e-02, 6.90603e-03, 1.61726e-02
0.0224, 2.02833e-02, -9.20861e-03, -1.03698e-02, -1.86600e-03, 3.80270e-05, 4.56590e-04, 2.11755e-02, 9.76759e-01, -4.34265e-01, -4.77201e-01, -6.42172e-02, 6.91653e-03, 1.61995e-02
0.0225, 2.03810e-02, -9.25202e-03, -1.04175e-02, -1.87241e-03, 3.87197e-05, 4.58213e-04, 2.12753e-02, 9.76793e-01, -4.34148e-01, -4.77062e-01, -6.40892e-02, 6.92674e-03, 1.62267e-02
0.0226, 2.04787e-02, -9.29542e-03, -1.04652e-02, -1.87881e-03, 3.94134e-05, 4.59839e-04, 2.13750e-02, 9.76828e-01, -4.34031e-01, -4.76924e-01, -6.39620e-02, 6.93667e-03, 1.62541e-02
0.0227, 2.05764e-02, -9.33882e-03, -1.05128e-02, -1.88519e-03, 4.01080e-05, 4.61467e-04, 2.14747e-02, 9.76862e-01, -4.33913e-01, -4.76786e-01, -6.38356e-02, 6.94632e-03, 1.62818e-02
0.0228, 2.06740e-02, -9.38219e-03, -1.05605e-02, -1.89156e-03, 4.08036e-05, 4.63098e-04, 2.15744e-02, 9.76897e-01, -4.33796e-01, -4.76648e-01, -6.37100e-02, 6.95570e-03, 1.63096e-02
0.0229, 2.07717e-02, -9.42556e-03, -1.06082e-02, -1.89792e-03, 4.15001e-05, 4.64731e-04, 2.16741e-02, 9.76931e-01, -4.33678e-01, -4.76510e-01, -6.35851e-02, 6.96481e-03, 1.63377e-02
0.023, 2.08694e-02, -9.46892e-03, -1.06558e-02, -1.90427e-03, 4.21974e-05, 4.66368e-04, 2.17737e-02, 9.76965e-01, -4.33561e-01, -4.76372e-01, -6.34611e-02, 6.97366e-03, 1.63660e-02
0.0231, 2.09671e-02, -9.51226e-03, -1.07034e-02, -1.91060e-03, 4.28957e-05, 4.68007e-04, 2.18734e-02, 9.76999e-01, -4.33443e-01, -4.76234e-01, -6.33378e-02, 6.98224e-03, 1.63945e-02
0.0232, 2.10648e-02, -9.55560e-03, -1.07510e-02, -1.91692e-03, 4.35947e-05, 4.69650e-04, 2.19730e-02, 9.77033e-01, -4.33325e-01, -4.76097e-01, -6.32153e-02, 6.99057e-03, 1.64232e-02
0.0233, 2.11625e-02, -9.59892e-03, -1.07986e-02, -1.92323e-03, 4.42946e-05, 4.71295e-04, 2.20727e-02, 9.77067e-01, -4.33207e-01, -4.75960e-01, -6.30935e-02, 6.99864e-03, 1.64521e-02
0.0234, 2.12603e-02, -9.64223e-03, -1.08462e-02, -1.92953e-03, 4.49952e-05, 4.72943e-04, 2.21723e-02, 9.77101e-01, -4.33089e-01, -4.75823e-01, -6.29725e-02, 7.00646e-03, 1.64812e-02
0.0235, 2.13580e-02, -9.68552e-03, -1.08938e-02, -1.93581e-03, 4.56966e-05, 4.74594e-04, 2.22719e-02, 9.77135e-01, -4.32971e-01, -4.75686e-01, -6.28522e-02, 7.01403e-03, 1.65105e-02
0.0236, 2.14557e-02, -9.72881e-03, -1.09413e-02, -1.94209e-03, 4.63988e-05, 4.76248e-04, 2.23715e-02, 9.77169e-01, -4.32853e-01, -4.75549e-01, -6.27326e-02, 7.02137e-03, 1.65400e-02
0.0237, 2.15534e-02, -9.77208e-03, -1.09889e-02, -1.94835e-03, 4.71016e-05, 4.77905e-04, 2.24711e-02, 9.77202e-01, -4.32735e-01, -4.75412e-01, -6.26138e-02, 7.02846e-03, 1.65696e-02
0.0238, 2.16511e-02, -9.81534e-03, -1.10364e-02, -1.95460e-03, 4.78051e-05, 4.79565e-04, 2.25707e-02, 9.77236e-01, -4.32616e-01, -4.75276e-01, -6.24957e-02, 7.03531e-03, 1.65995e-02
0.0239, 2.17489e-02, -9.85859e-03, -1.10839e-02, -1.96084e-03, 4.85093e-05, 4.81228e-04, 2.26702e-02, 9.77270e-01, -4.32498e-01, -4.75140e-01, -6.23783e-02, 7.04193e-03, 1.66296e-02
0.024, 2.18466e-02, -9.90183e-03, -1.11314e-02, -1.96706e-03, 4.92142e-05, 4.82894e-04, 2.27698e-02, 9.77303e-01, -4.32380e-01, -4.75003e-01, -6.22615e-02, 7.04833e-03, 1.66598e-02
0.0241, 2.19443e-02, -9.94506e-03, -1.11789e-02, -1.97328e-03, 4.99196e-05, 4.84563e-04, 2.28693e-02, 9.77337e-01, -4.32261e-01, -4.74867e-01, -6.21455e-02, 7.05449e-03, 1.66902e-02
0.0242, 2.20421e-02, -9.98827e-03, -1.12264e-02, -1.97948e-03, 5.06257e-05, 4.86235e-04, 2.29689e-02, 9.77370e-01, -4.32143e-01, -4.74732e-01, -6.20302e-02, 7.06044e-03, 1.67208e-02
0.0243, 2.21398e-02, -1.00315e-02, -1.12738e-02, -1.98567e-03, 5.13323e-05, 4.87910e-04, 2.30684e-02, 9.77404e-01, -4.32024e-01, -4.74596e-01, -6.19156e-02, 7.06616e-03, 1.67515e-02
0.0244, 2.22375e-02, -1.00747e-02, -1.13213e-02, -1.99185e-03, 5.20394e-05, 4.89589e-04, 2.31679e-02, 9.77437e-01, -4.31905e-01, -4.74460e-01, -6.18016e-02, 7.07167e-03, 1.67824e-02
0.0245, 2.23353e-02, -1.01178e-02, -1.13687e-02, -1.99802e-03, 5.27471e-05, 4.91270e-04, 2.32674e-02, 9.77470e-01, -4.31787e-01, -4.74325e-01, -6.16883e-02, 7.07696e-03, 1.68135e-02
0.0246, 2.24330e-02, -1.01610e-02, -1.14161e-02, -2.00418e-03, 5.34553e-05, 4.92954e-04, 2.33669e-02, 9.77504e-01, -4.31668e-01, -4.74189e-01, -6.15757e-02, 7.08204e-03, 1.68448e-02
0.0247, 2.25308e-02, -1.02042e-02, -1.14635e-02, -2.01032e-03, 5.41640e-05, 4.94642e-04, 2.34664e-02, 9.77537e-01, -4.31549e-01, -4.74054e-01, -6.14637e-02, 7.08692e-03, 1.68762e-02
0.0248, 2.26286e-02, -1.02473e-02, -1.15109e-02, -2.01646e-03, 5.48732e-05, 4.96333e-04, 2.35658e-02, 9.77570e-01, -4.31430e-01, -4.73919e-01, -6.13524e-02, 7.09159e-03, 1.69077e-02
0.0249, 2.27263e-02, -1.02904e-02, -1.15583e-02, -2.02258e-03, 5.55828e-05, 4.98027e-04, 2.36653e-02, 9.77603e-01, -4.31311e-01, -4.73784e-01, -6.12417e-02, 7.09606e-03, 1.69395e-02
0.025, 2.28241e-02, -1.03336e-02, -1.16057e-02, -2.02870e-03, 5.62928e-05, 4.99724e-04, 2.37647e-02, 9.77636e-01, -4.31193e-01, -4.73649e-01, -6.11317e-02, 7.10033e-03, 1.69713e-02
0.0251, 2.29218e-02, -1.03767e-02, -1.16530e-02, -2.03480e-03, 5.70033e-05, 5.01424e-04, 2.38642e-02, 9.77669e-01, -4.31074e-01, -4.73515e-01, -6.10223e-02, 7.10440e-03, 1.70034e-02
0.0252, 2.30196e-02, -1.04198e-02, -1.17004e-02, -2.04089e-03, 5.77141e-05, 5.03128e-04, 2.39636e-02, 9.77702e-01, -4.30955e-01, -4.73380e-01, -6.09135e-02, 7.10829e-03, 1.70355e-02
0.0253, 2.31174e-02, -1.04628e-02, -1.17477e-02, -2.04697e-03, 5.84253e-05, 5.04835e-04, 2.40630e-02, 9.77735e-01, -4.30836e-01, -4.73246e-01, -6.08053e-02, 7.11198e-03, 1.70678e-02
0.0254, 2.32152e-02, -1.05059e-02, -1.17950e-02, -2.05304e-03, 5.91368e-05, 5.06545e-04, 2.41624e-02, 9.77768e-01, -4.30717e-01, -4.73111e-01, -6.06978e-02, 7.11548e-03, 1.71003e-02
0.0255, 2.33129e-02, -1.05490e-02, -1.18423e-02, -2.05910e-03, 5.98487e-05, 5.08258e-04, 2.42618e-02, 9.77800e-01, -4.30598e-01, -4.72977e-01, -6.05908e-02, 7.11880e-03, 1.71329e-02
0.0256, 2.34107e-02, -1.05920e-02, -1.18896e-02, -2.06515e-03, 6.05609e-05, 5.09974e-04, 2.43612e-02, 9.77833e-01, -4.30478e-01, -4.72843e-01, -6.04845e-02, 7.12194e-03, 1.71656e-02
0.0257, 2.35085e-02, -1.06351e-02, -1.19368e-02, -2.07119e-03, 6.12734e-05, 5.11694e-04, 2.44605e-02, 9.77866e-01, -4.30359e-01, -4.72709e-01, -6.03787e-02, 7.12489e-03, 1.71985e-02
0.0258, 2.36063e-02, -1.06781e-02, -1.19841e-02, -2.07721e-03, 6.19862e-05, 5.13417e-04, 2.45599e-02, 9.77898e-01, -4.30240e-01, -4.72575e-01, -6.02736e-02, 7.12767e-03, 1.72315e-02
0.0259, 2.37041e-02, -1.07211e-02, -1.20313e-02, -2.08323e-03, 6.26992e-05, 5.15144e-04, 2.46592e-02, 9.77931e-01, -4.30121e-01, -4.72441e-01, -6.01690e-02, 7.13028e-03, 1.72646e-02
0.026, 2.38019e-02, -1.07641e-02, -1.20786e-02, -2.08924e-03, 6.34125e-05, 5.16874e-04, 2.47586e-02, 9.77964e-01, -4.30002e-01, -4.72307e-01, -6.00650e-02, 7.13271e-03, 1.72979e-02
0.0261, 2.38997e-02, -1.08071e-02, -1.21258e-02, -2.09523e-03, 6.41260e-05, 5.18607e-04, 2.48579e-02, 9.77996e-01, -4.29883e-01, -4.72174e-01, -5.99616e-02, 7.13497e-03, 1.73313e-02
0.0262, 2.39975e-02, -1.08501e-02, -1.21730e-02, -2.10122e-03, 6.48397e-05, 5.20343e-04, 2.49572e-02, 9.78029e-01, -4.29763e-01, -4.72040e-01, -5.98587e-02, 7.13707e-03, 1.73648e-02
0.0263, 2.40953e-02, -1.08930e-02, -1.22202e-02, -2.10719e-03, 6.55536e-05, 5.22083e-04, 2.50565e-02, 9.78061e-01, -4.29644e-01, -4.71907e-01, -5.97564e-02, 7.13900e-03, 1.73985e-02
0.0264, 2.41931e-02, -1.09360e-02, -1.22674e-02, -2.11316e-03, 6.62677e-05, 5.23826e-04, 2.51558e-02, 9.78093e-01, -4.29525e-01, -4.71773e-01, -5.96547e-02, 7.14076e-03, 1.74322e-02
0.0265, 2.42909e-02, -1.09789e-02, -1.23145e-02, -2.11912e-03, 6.69819e-05, 5.25573e-04, 2.52551e-02, 9.78126e-01, -4.29406e-01, -4.71640e-01, -5.95535e-02, 7.14237e-03, 1.74661e-02
0.0266, 2.43887e-02, -1.10218e-02, -1.23617e-02, -2.12506e-03, 6.76963e-05, 5.27323e-04, 2.53544e-02, 9.78158e-01, -4.29286e-01, -4.71507e-01, -5.94529e-02, 7.14382e-03, 1.75001e-02
0.0267, 2.44866e-02, -1.10648e-02, -1.24088e-02, -2.13100e-03, 6.84108e-05, 5.29076e-04, 2.54536e-02, 9.78190e-01, -4.29167e-01, -4.71374e-01, -5.93528e-02, 7.14511e-03, 1.75342e-02
0.0268, 2.45844e-02, -1.11077e-02, -1.24559e-02, -2.13692e-03, 6.91254e-05, 5.30833e-04, 2.55529e-02, 9.78222e-01, -4.29048e-01, -4.71241e-01, -5.92532e-02, 7.14625e-03, 1.75684e-02
0.0269, 2.46822e-02, -1.11506e-02, -1.25031e-02, -2.14284e-03, 6.98401e-05, 5.32593e-04, 2.56521e-02, 9.78255e-01, -4.28929e-01, -4.71108e-01, -5.91542e-02, 7.14724e-03, 1.76028e-02
0.027, 2.47800e-02, -1.11934e-02, -1.25501e-02, -2.14874e-03, 7.05549e-05, 5.34357e-04, 2.57514e-02, 9.78287e-01, -4.28809e-01, -4.70975e-01, -5.90557e-02, 7.14808e-03, 1.76372e-02
0.0271, 2.48779e-02, -1.12363e-02, -1.25972e-02, -2.15464e-03, 7.12698e-05, 5.36124e-04, 2.58506e-02, 9.78319e-01, -4.28690e-01, -4.70843e-01, -5.89577e-02, 7.14877e-03, 1.76718e-02
0.0272, 2.49757e-02, -1.12792e-02, -1.26443e-02, -2.16052e-03, 7.19847e-05, 5.37895e-04, 2.59498e-02, 9.78351e-01, -4.28571e-01, -4.70710e-01, -5.88603e-02, 7.14931e-03, 1.77064e-02
0.0273, 2.50735e-02, -1.13220e-02, -1.26914e-02, -2.16640e-03, 7.26997e-05, 5.39669e-04, 2.60490e-02, 9.78383e-01, -4.28452e-01, -4.70578e-01, -5.87633e-02, 7.14972e-03, 1.77412e-02
0.0274, 2.51714e-02, -1.13648e-02, -1.27384e-02, -2.17227e-03, 7.34147e-05, 5.41447e-04, 2.61482e-02, 9.78415e-01, -4.28332e-01, -4.70445e-01, -5.86669e-02, 7.14998e-03, 1.77760e-02
0.0275, 2.52692e-02, -1.14077e-02, -1.27854e-02, -2.17812e-03, 7.41297e-05, 5.43228e-04, 2.62474e-02, 9.78447e-01, -4.28213e-01, -4.70313e-01, -5.85709e-02, 7.15010e-03, 1.78110e-02
0.0276, 2.53671e-02, -1.14505e-02, -1.28325e-02, -2.18397e-03, 7.48447e-05, 5.45012e-04, 2.63465e-02, 9.78478e-01, -4.28094e-01, -4.70180e-01, -5.84755e-02, 7.15009e-03, 1.78461e-02
0.0277, 2.54649e-02, -1.14933e-02, -1.28795e-02, -2.18981e-03, 7.55597e-05, 5.46801e-04, 2.64457e-02, 9.78510e-01, -4.27975e-01, -4.70048e-01, -5.83805e-02, 7.14994e-03, 1.78812e-02
0.0278, 2.55628e-02, -1.15361e-02, -1.29265e-02, -2.19564e-03, 7.62747e-05, 5.48592e-04, 2.65448e-02, 9.78542e-01, -4.27855e-01, -4.69916e-01, -5.82861e-02, 7.14966e-03, 1.79165e-02
0.0279, 2.56606e-02, -1.15788e-02, -1.29734e-02, -2.20146e-03, 7.69896e-05, 5.50387e-04, 2.66440e-02, 9.78574e-01, -4.27736e-01, -4.69784e-01, -5.81921e-02, 7.14924e-03, 1.79518e-02
0.028, 2.57585e-02, -1.16216e-02, -1.30204e-02, -2.20727e-03, 7.77045e-05, 5.52186e-04, 2.67431e-02, 9.78605e-01, -4.27617e-01, -4.69652e-01, -5.80986e-02, 7.14870e-03, 1.79873e-02
0.0281, 2.58564e-02, -1.16643e-02, -1.30673e-02, -2.21307e-03, 7.84193e-05, 5.53988e-04, 2.68422e-02, 9.78637e-01, -4.27498e-01, -4.69520e-01, -5.80056e-02, 7.14803e-03, 1.80228e-02
0.0282, 2.59542e-02, -1.17071e-02, -1.31143e-02, -2.21886e-03, 7.91340e-05, 5.55794e-04, 2.69413e-02, 9.78669e-01, -4.27379e-01, -4.69388e-01, -5.79130e-02, 7.14723e-03, 1.80584e-02
0.0283, 2.60521e-02, -1.17498e-02, -1.31612e-02, -2.22464e-03, 7.98486e-05, 5.57604e-04, 2.70404e-02, 9.78700e-01, -4.27259e-01, -4.69257e-01, -5.78209e-02, 7.14631e-03, 1.80942e-02
0.0284, 2.61500e-02, -1.17925e-02, -1.32081e-02, -2.23041e-03, 8.05632e-05, 5.59417e-04, 2.71395e-02, 9.78732e-01, -4.27140e-01, -4.69125e-01, -5.77293e-02, 7.14526e-03, 1.81300e-02
0.0285, 2.62478e-02, -1.18352e-02, -1.32550e-02, -2.23618e-03, 8.12776e-05, 5.61233e-04, 2.72386e-02, 9.78763e-01, -4.27021e-01, -4.68993e-01, -5.76381e-02, 7.14410e-03, 1.81658e-02
0.0286, 2.63457e-02, -1.18779e-02, -1.33019e-02, -2.24193e-03, 8.19919e-05, 5.63053e-04, 2.73377e-02, 9.78795e-01, -4.26902e-01, -4.68862e-01, -5.75474e-02, 7.14281e-03, 1.82018e-02
0.0287, 2.64436e-02, -1.19206e-02, -1.33488e-02, -2.24768e-03, 8.27060e-05, 5.64877e-04, 2.74367e-02, 9.78826e-01, -4.26783e-01, -4.68730e-01, -5.74572e-02, 7.14141e-03, 1.82379e-02
0.0288, 2.65415e-02, -1.19633e-02, -1.33956e-02, -2.25341e-03, 8.34200e-05, 5.66705e-04, 2.75358e-02, 9.78858e-01, -4.26664e-01, -4.68599e-01, -5.73674e-02, 7.13989e-03, 1.82740e-02
0.0289, 2.66394e-02, -1.20059e-02, -1.34425e-02, -2.25914e-03, 8.41338e-05, 5.68536e-04, 2.76348e-02, 9.78889e-01, -4.26545e-01, -4.68467e-01, -5.72780e-02, 7.13826e-03, 1.83102e-02
0.029, 2.67373e-02, -1.20486e-02, -1.34893e-02, -2.26486e-03, 8.48475e-05, 5.70370e-04, 2.77339e-02, 9.78920e-01, -4.26426e-01, -4.68336e-01, -5.71890e-02, 7.13652e-03, 1.83465e-02
0.0291, 2.68352e-02, -1.20912e-02, -1.35361e-02, -2.27057e-03, 8.55609e-05, 5.72209e-04, 2.78329e-02, 9.78952e-01, -4.26307e-01, -4.68205e-01, -5.71005e-02, 7.13466e-03, 1.83828e-02
0.0292, 2.69331e-02, -1.21338e-02, -1.35830e-02, -2.27627e-03, 8.62742e-05, 5.74051e-04, 2.79319e-02, 9.78983e-01, -4.26188e-01, -4.68074e-01, -5.70124e-02, 7.13270e-03, 1.84193e-02
0.0293, 2.70310e-02, -1.21764e-02, -1.36297e-02, -2.28197e-03, 8.69873e-05, 5.75896e-04, 2.80309e-02, 9.79014e-01, -4.26069e-01, -4.67943e-01, -5.69248e-02, 7.13062e-03, 1.84558e-02
0.0294, 2.71289e-02, -1.22190e-02, -1.36765e-02, -2.28765e-03, 8.77001e-05, 5.77745e-04, 2.81299e-02, 9.79045e-01, -4.25950e-01, -4.67812e-01, -5.68376e-02, 7.12844e-03, 1.84924e-02
0.0295, 2.72268e-02, -1.22616e-02, -1.37233e-02, -2.29332e-03, 8.84127e-05, 5.79598e-04, 2.82289e-02, 9.79076e-01, -4.25831e-01, -4.67681e-01, -5.67507e-02, 7.12616e-03, 1.85290e-02
0.0296, 2.73247e-02, -1.23042e-02, -1.37700e-02, -2.29899e-03, 8.91251e-05, 5.81455e-04, 2.83278e-02, 9.79108e-01, -4.25712e-01, -4.67550e-01, -5.66643e-02, 7.12377e-03, 1.85658e-02
0.0297, 2.74226e-02, -1.23467e-02, -1.38168e-02, -2.30465e-03, 8.98372e-05, 5.83315e-04, 2.84268e-02, 9.79139e-01, -4.25594e-01, -4.67419e-01, -5.65783e-02, 7.12128e-03, 1.86026e-02
0.0298, 2.75205e-02, -1.23893e-02, -1.38635e-02, -2.31030e-03, 9.05491e-05, 5.85179e-04, 2.85257e-02, 9.79170e-01, -4.25475e-01, -4.67288e-01, -5.64928e-02, 7.11869e-03, 1.86394e-02
0.0299, 2.76184e-02, -1.24318e-02, -1.39102e-02, -2.31594e-03, 9.12607e-05, 5.87047e-04, 2.86247e-02, 9.79201e-01, -4.25356e-01, -4.67157e-01, -5.64076e-02, 7.11601e-03, 1.86764e-02
0.03, 2.77164e-02, -1.24743e-02, -1.39569e-02, -2.32157e-03, 9.19720e-05, 5.88918e-04, 2.87236e-02, 9.79232e-01, -4.25237e-01, -4.67026e-01, -5.63228e-02, 7.11322e-03, 1.87134e-02
0.0301, 2.78143e-02, -1.25168e-02, -1.40036e-02, -2.32719e-03, 9.26831e-05, 5.90793e-04, 2.88225e-02, 9.79263e-01, -4.25119e-01, -4.66896e-01, -5.62384e-02, 7.11034e-03, 1.87504e-02
0.0302, 2.79122e-02, -1.25593e-02, -1.40503e-02, -2.33281e-03, 9.33938e-05, 5.92672e-04, 2.89215e-02, 9.79294e-01, -4.25000e-01, -4.66765e-01, -5.61544e-02, 7.10736e-03, 1.87875e-02
0.0303, 2.80102e-02, -1.26018e-02, -1.40970e-02, -2.33842e-03, 9.41042e-05, 5.94554e-04, 2.90204e-02, 9.79325e-01, -4.24881e-01, -4.66635e-01, -5.60708e-02, 7.10429e-03, 1.88247e-02
0.0304, 2.81081e-02, -1.26443e-02, -1.41436e-02, -2.34402e-03, 9.48143e-05, 5.96440e-04, 2.91193e-02, 9.79355e-01, -4.24763e-01, -4.66504e-01, -5.59876e-02, 7.10112e-03, 1.88620e-02
0.0305, 2.82060e-02, -1.26868e-02, -1.41903e-02, -2.34961e-03, 9.55241e-05, 5.98330e-04, 2.92182e-02, 9.79386e-01, -4.24644e-01, -4.66374e-01, -5.59047e-02, 7.09787e-03, 1.88993e-02
0.0306, 2.83040e-02, -1.27292e-02, -1.42369e-02, -2.35519e-03, 9.62336e-05, 6.00224e-04, 2.93170e-02, 9.79417e-01, -4.24526e-01, -4.66243e-01, -5.58223e-02, 7.09452e-03, 1.89366e-02
0.0307, 2.84019e-02, -1.27717e-02, -1.42835e-02, -2.36076e-03, 9.69427e-05, 6.02121e-04, 2.94159e-02, 9.79448e-01, -4.24407e-01, -4.66113e-01, -5.57402e-02, 7.09109e-03, 1.89741e-02
0.0308, 2.84999e-02, -1.28141e-02, -1.43301e-02, -2.36633e-03, 9.76514e-05, 6.04023e-04, 2.95148e-02, 9.79479e-01, -4.24289e-01, -4.65982e-01, -5.56584e-02, 7.08757e-03, 1.90115e-02
0.0309, 2.85978e-02, -1.28565e-02, -1.43767e-02, -2.37189e-03, 9.83598e-05, 6.05928e-04, 2.96136e-02, 9.79509e-01, -4.24171e-01, -4.65852e-01, -5.55771e-02, 7.08396e-03, 1.90491e-02
0.031, 2.86958e-02, -1.28989e-02, -1.44232e-02, -2.37744e-03, 9.90679e-05, 6.07836e-04, 2.97124e-02, 9.79540e-01, -4.24052e-01, -4.65722e-01, -5.54961e-02, 7.08027e-03, 1.90867e-02
0.0311, 2.87937e-02, -1.29413e-02, -1.44698e-02, -2.38298e-03, 9.97755e-05, 6.09749e-04, 2.98113e-02, 9.79571e-01, -4.23934e-01, -4.65592e-01, -5.54155e-02, 7.07649e-03, 1.91243e-02
0.0312, 2.88917e-02, -1.29837e-02, -1.45164e-02, -2.38851e-03, 1.00483e-04, 6.11665e-04, 2.99101e-02, 9.79601e-01, -4.23816e-01, -4.65462e-01, -5.53352e-02, 7.07263e-03, 1.91620e-02
0.0313, 2.89896e-02, -1.30261e-02, -1.45629e-02, -2.39404e-03, 1.01190e-04, 6.13585e-04, 3.00089e-02, 9.79632e-01, -4.23698e-01, -4.65332e-01, -5.52553e-02, 7.06869e-03, 1.91997e-02
0.0314, 2.90876e-02, -1.30684e-02, -1.46094e-02, -2.39955e-03, 1.01896e-04, 6.15509e-04, 3.01077e-02, 9.79662e-01, -4.23579e-01, -4.65202e-01, -5.51757e-02, 7.06467e-03, 1.92375e-02
0.0315, 2.91856e-02, -1.31108e-02, -1.46559e-02, -2.40506e-03, 1.02602e-04, 6.17436e-04, 3.02065e-02, 9.79693e-01, -4.23461e-01, -4.65072e-01, -5.50965e-02, 7.06057e-03, 1.92754e-02
0.0316, 2.92836e-02, -1.31531e-02, -1.47024e-02, -2.41057e-03, 1.03308e-04, 6.19367e-04, 3.03053e-02, 9.79723e-01, -4.23343e-01, -4.64942e-01, -5.50176e-02, 7.05639e-03, 1.93133e-02
0.0317, 2.93815e-02, -1.31954e-02, -1.47489e-02, -2.41606e-03, 1.04013e-04, 6.21303e-04, 3.04041e-02, 9.79754e-01, -4.23225e-01, -4.64812e-01, -5.49391e-02, 7.05213e-03, 1.93512e-02
0.0318, 2.94795e-02, -1.32377e-02, -1.47954e-02, -2.42155e-03, 1.04718e-04, 6.23241e-04, 3.05028e-02, 9.79784e-01, -4.23107e-01, -4.64682e-01, -5.48609e-02, 7.04780e-03, 1.93892e-02
0.0319, 2.95775e-02, -1.32800e-02, -1.48418e-02, -2.42702e-03, 1.05422e-04, 6.25184e-04, 3.06016e-02, 9.79815e-01, -4.22989e-01, -4.64552e-01, -5.47831e-02, 7.04340e-03, 1.94272e-02
0.032, 2.96755e-02, -1.33223e-02, -1.48883e-02, -2.43249e-03, 1.06126e-04, 6.27131e-04, 3.07003e-02, 9.79845e-01, -4.22871e-01, -4.64422e-01, -5.47056e-02, 7.03892e-03, 1.94653e-02
0.0321, 2.97735e-02, -1.33646e-02, -1.49347e-02, -2.43796e-03, 1.06829e-04, 6.29081e-04, 3.07991e-02, 9.79875e-01, -4.22754e-01, -4.64292e-01, -5.46284e-02, 7.03436e-03, 1.95034e-02
0.0322, 2.98715e-02, -1.34069e-02, -1.49811e-02, -2.44341e-03, 1.07532e-04, 6.31035e-04, 3.08978e-02, 9.79906e-01, -4.22636e-01, -4.64163e-01, -5.45515e-02, 7.02974e-03, 1.95416e-02
0.0323, 2.99694e-02, -1.34491e-02, -1.50275e-02, -2.44886e-03, 1.08235e-04, 6.32993e-04, 3.09965e-02, 9.79936e-01, -4.22518e-01, -4.64033e-01, -5.44750e-02, 7.02504e-03, 1.95798e-02
0.0324, 3.00674e-02, -1.34913e-02, -1.50739e-02, -2.45430e-03, 1.08937e-04, 6.34955e-04, 3.10952e-02, 9.79966e-01, -4.22400e-01, -4.63903e-01, -5.43988e-02, 7.02028e-03, 1.96181e-02
0.0325, 3.01654e-02, -1.35336e-02, -1.51203e-02, -2.45973e-03, 1.09639e-04, 6.36921e-04, 3.11939e-02, 9.79997e-01, -4.22283e-01, -4.63774e-01, -5.43229e-02, 7.01544e-03, 1.96563e-02
0.0326, 3.02634e-02, -1.35758e-02, -1.51666e-02, -2.46516e-03, 1.10340e-04, 6.38890e-04, 3.12926e-02, 9.80027e-01, -4.22165e-01, -4.63644e-01, -5.42473e-02, 7.01054e-03, 1.96947e-02
0.0327, 3.03615e-02, -1.36180e-02, -1.52130e-02, -2.47057e-03, 1.11040e-04, 6.40863e-04, 3.13913e-02, 9.80057e-01, -4.22047e-01, -4.63515e-01, -5.41720e-02, 7.00557e-03, 1.97330e-02
0.0328, 3.04595e-02, -1.36602e-02, -1.52593e-02, -2.47598e-03, 1.11740e-04, 6.42841e-04, 3.14900e-02, 9.80087e-01, -4.21930e-01, -4.63385e-01, -5.40971e-02, 7.00053e-03, 1.97715e-02
0.0329, 3.05575e-02, -1.37024e-02, -1.53056e-02, -2.48139e-03, 1.12440e-04, 6.44822e-04, 3.15886e-02, 9.80117e-01, -4.21813e-01, -4.63256e-01, -5.40225e-02, 6.99543e-03, 1.98099e-02
0.033, 3.06555e-02, -1.37445e-02, -1.53520e-02, -2.48678e-03, 1.13139e-04, 6.46806e-04, 3.16873e-02, 9.80147e-01, -4.21695e-01, -4.63126e-01, -5.39481e-02, 6.99027e-03, 1.98484e-02
0.0331, 3.07535e-02, -1.37867e-02, -1.53983e-02, -2.49217e-03, 1.13837e-04, 6.48795e-04, 3.17859e-02, 9.80178e-01, -4.21578e-01, -4.62997e-01, -5.38741e-02, 6.98504e-03, 1.98869e-02
0.0332, 3.08515e-02, -1.38288e-02, -1.54445e-02, -2.49755e-03, 1.14535e-04, 6.50788e-04, 3.18846e-02, 9.80208e-01, -4.21461e-01, -4.62868e-01, -5.38003e-02, 6.97975e-03, 1.99254e-02
0.0333, 3.09495e-02, -1.38710e-02, -1.54908e-02, -2.50292e-03, 1.15233e-04, 6.52784e-04, 3.19832e-02, 9.80238e-01, -4.21343e-01, -4.62738e-01, -5.37269e-02, 6.97439e-03, 1.99640e-02
0.0334, 3.10476e-02, -1.39131e-02, -1.55371e-02, -2.50829e-03, 1.15930e-04, 6.54784e-04, 3.20818e-02, 9.80268e-01, -4.21226e-01, -4.62609e-01, -5.36538e-02, 6.96898e-03, 2.00027e-02
0.0335, 3.11456e-02, -1.39552e-02, -1.55833e-02, -2.51364e-03, 1.16626e-04, 6.56788e-04, 3.21804e-02, 9.80298e-01, -4.21109e-01, -4.62480e-01, -5.35809e-02, 6.96350e-03, 2.00413e-02
0.0336, 3.12436e-02, -1.39973e-02, -1.56296e-02, -2.51900e-03, 1.17322e-04, 6.58796e-04, 3.22790e-02, 9.80328e-01, -4.20992e-01, -4.62351e-01, -5.35084e-02, 6.95797e-03, 2.00800e-02
0.0337, 3.13417e-02, -1.40394e-02, -1.56758e-02, -2.52434e-03, 1.18017e-04, 6.60808e-04, 3.23776e-02, 9.80358e-01, -4.20875e-01, -4.62221e-01, -5.34361e-02, 6.95238e-03, 2.01187e-02
0.0338, 3.14397e-02, -1.40815e-02, -1.57220e-02, -2.52968e-03, 1.18712e-04, 6.62824e-04, 3.24762e-02, 9.80387e-01, -4.20758e-01, -4.62092e-01, -5.33641e-02, 6.94673e-03, 2.01575e-02
0.0339, 3.15378e-02, -1.41235e-02, -1.57682e-02, -2.53500e-03, 1.19406e-04, 6.64844e-04, 3.25748e-02, 9.80417e-01, -4.20641e-01, -4.61963e-01, -5.32924e-02, 6.94102e-03, 2.01962e-02
0.034, 3.16358e-02, -1.41656e-02, -1.58144e-02, -2.54033e-03, 1.20099e-04, 6.66867e-04, 3.26734e-02, 9.80447e-01, -4.20524e-01, -4.61834e-01, -5.32210e-02, 6.93526e-03, 2.02350e-02
0.0341, 3.17338e-02, -1.42076e-02, -1.58605e-02, -2.54564e-03, 1.20792e-04, 6.68895e-04, 3.27719e-02, 9.80477e-01, -4.20408e-01, -4.61705e-01, -5.31498e-02, 6.92945e-03, 2.02739e-02
0.0342, 3.18319e-02, -1.42497e-02, -1.59067e-02, -2.55095e-03, 1.21485e-04, 6.70926e-04, 3.28705e-02, 9.80507e-01, -4.20291e-01, -4.61576e-01, -5.30790e-02, 6.92357e-03, 2.03127e-02
0.0343, 3.19300e-02, -1.42917e-02, -1.59529e-02, -2.55625e-03, 1.22176e-04, 6.72961e-04, 3.29690e-02, 9.80537e-01, -4.20174e-01, -4.61447e-01, -5.30084e-02, 6.91765e-03, 2.03516e-02
0.0344, 3.20280e-02, -1.43337e-02, -1.59990e-02, -2.56154e-03, 1.22867e-04, 6.75000e-04, 3.30675e-02, 9.80566e-01, -4.20058e-01, -4.61318e-01, -5.29381e-02, 6.91167e-03, 2.03906e-02
0.0345, 3.21261e-02, -1.43757e-02, -1.60451e-02, -2.56683e-03, 1.23558e-04, 6.77043e-04, 3.31661e-02, 9.80596e-01, -4.19941e-01, -4.61189e-01, -5.28680e-02, 6.90564e-03, 2.04295e-02
0.0346, 3.22241e-02, -1.44177e-02, -1.60912e-02, -2.57211e-03, 1.24248e-04, 6.79090e-04, 3.32646e-02, 9.80626e-01, -4.19825e-01, -4.61060e-01, -5.27982e-02, 6.89956e-03, 2.04685e-02
0.0347, 3.23222e-02, -1.44596e-02, -1.61373e-02, -2.57738e-03, 1.24937e-04, 6.81141e-04, 3.33631e-02, 9.80656e-01, -4.19708e-01, -4.60931e-01, -5.27287e-02, 6.89343e-03, 2.05075e-02
0.0348, 3.24203e-02, -1.45016e-02, -1.61834e-02, -2.58265e-03, 1.25626e-04, 6.83195e-04, 3.34616e-02, 9.80685e-01, -4.19592e-01, -4.60802e-01, -5.26594e-02, 6.88724e-03, 2.05465e-02
0.0349, 3.25183e-02, -1.45435e-02, -1.62294e-02, -2.58791e-03, 1.26314e-04, 6.85254e-04, 3.35601e-02, 9.80715e-01, -4.19475e-01, -4.60674e-01, -5.25904e-02, 6.88101e-03, 2.05855e-02
0.035, 3.26164e-02, -1.45855e-02, -1.62755e-02, -2.59316e-03, 1.27002e-04, 6.87316e-04, 3.36586e-02, 9.80745e-01, -4.19359e-01, -4.60545e-01, -5.25217e-02, 6.87473e-03, 2.06246e-02
0.0351, 3.27145e-02, -1.46274e-02, -1.63215e-02, -2.59841e-03, 1.27688e-04, 6.89383e-04, 3.37570e-02, 9.80774e-01, -4.19243e-01, -4.60416e-01, -5.24532e-02, 6.86840e-03, 2.06637e-02
0.0352, 3.28126e-02, -1.46693e-02, -1.63676e-02, -2.60364e-03, 1.28375e-04, 6.91453e-04, 3.38555e-02, 9.80804e-01, -4.19127e-01, -4.60287e-01, -5.23849e-02, 6.86202e-03, 2.07028e-02
0.0353, 3.29107e-02, -1.47112e-02, -1.64136e-02, -2.60888e-03, 1.29060e-04, 6.93527e-04, 3.39540e-02, 9.80833e-01, -4.19011e-01, -4.60159e-01, -5.23170e-02, 6.85560e-03, 2.07419e-02
0.0354, 3.30087e-02, -1.47531e-02, -1.64596e-02, -2.61410e-03, 1.29745e-04, 6.95605e-04, 3.40524e-02, 9.80863e-01, -4.18895e-01, -4.60030e-01, -5.22492e-02, 6.84913e-03, 2.07811e-02
0.0355, 3.31068e-02, -1.47950e-02, -1.65056e-02, -2.61932e-03, 1.30429e-04, 6.97687e-04, 3.41508e-02, 9.80892e-01, -4.18779e-01, -4.59901e-01, -5.21817e-02, 6.84262e-03, 2.08203e-02
0.0356, 3.32049e-02, -1.48368e-02, -1.65516e-02, -2.62453e-03, 1.31113e-04, 6.99773e-04, 3.42493e-02, 9.80922e-01, -4.18663e-01, -4.59773e-01, -5.21145e-02, 6.83606e-03, 2.08594e-02
0.0357, 3.33030e-02, -1.48787e-02, -1.65975e-02, -2.62974e-03, 1.31796e-04, 7.01863e-04, 3.43477e-02, 9.80951e-01, -4.18547e-01, -4.59644e-01, -5.20475e-02, 6.82945e-03, 2.08987e-02
0.0358, 3.34011e-02, -1.49205e-02, -1.66435e-02, -2.63493e-03, 1.32478e-04, 7.03957e-04, 3.44461e-02, 9.80981e-01, -4.18431e-01, -4.59516e-01, -5.19807e-02, 6.82281e-03, 2.09379e-02
0.0359, 3.34992e-02, -1.49624e-02, -1.66894e-02, -2.64012e-03, 1.33160e-04, 7.06055e-04, 3.45445e-02, 9.81010e-01, -4.18316e-01, -4.59387e-01, -5.19142e-02, 6.81612e-03, 2.09771e-02
0.036, 3.35973e-02, -1.50042e-02, -1.67353e-02, -2.64531e-03, 1.33841e-04, 7.08156e-04, 3.46429e-02, 9.81040e-01, -4.18200e-01, -4.59259e-01, -5.18479e-02, 6.80938e-03, 2.10164e-02
0.0361, 3.36954e-02, -1.50460e-02, -1.67813e-02, -2.65049e-03, 1.34521e-04, 7.10262e-04, 3.47413e-02, 9.81069e-01, -4.18084e-01, -4.59130e-01, -5.17819e-02, 6.80261e-03, 2.10557e-02
0.0362, 3.37935e-02, -1.50878e-02, -1.68272e-02, -2.65566e-03, 1.35201e-04, 7.12371e-04, 3.48397e-02, 9.81099e-01, -4.17969e-01, -4.59002e-01, -5.17160e-02, 6.79579e-03, 2.10950e-02
0.0363, 3.38916e-02, -1.51296e-02, -1.68730e-02, -2.66082e-03, 1.35880e-04, 7.14485e-04, 3.49381e-02, 9.81128e-01, -4.17853e-01, -4.58873e-01, -5.16504e-02, 6.78894e-03, 2.11343e-02
0.0364, 3.39898e-02, -1.51714e-02, -1.69189e-02, -2.66598e-03, 1.36558e-04, 7.16602e-04, 3.50364e-02, 9.81157e-01, -4.17738e-01, -4.58745e-01, -5.15851e-02, 6.78204e-03, 2.11736e-02
0.0365, 3.40879e-02, -1.52131e-02, -1.69648e-02, -2.67114e-03, 1.37235e-04, 7.18723e-04, 3.51348e-02, 9.81187e-01, -4.17623e-01, -4.58616e-01, -5.15200e-02, 6.77510e-03, 2.12130e-02
0.0366, 3.41860e-02, -1.52549e-02, -1.70106e-02, -2.67628e-03, 1.37912e-04, 7.20849e-04, 3.52331e-02, 9.81216e-01, -4.17507e-01, -4.58488e-01, -5.14551e-02, 6.76813e-03, 2.12523e-02
0.0367, 3.42841e-02, -1.52966e-02, -1.70565e-02, -2.68142e-03, 1.38588e-04, 7.22978e-04, 3.53315e-02, 9.81245e-01, -4.17392e-01, -4.58360e-01, -5.13904e-02, 6.76111e-03, 2.12917e-02
0.0368, 3.43823e-02, -1.53383e-02, -1.71023e-02, -2.68655e-03, 1.39264e-04, 7.25111e-04, 3.54298e-02, 9.81275e-01, -4.17277e-01, -4.58231e-01, -5.13259e-02, 6.75406e-03, 2.13311e-02
0.0369, 3.44804e-02, -1.53801e-02, -1.71481e-02, -2.69168e-03, 1.39938e-04, 7.27248e-04, 3.55281e-02, 9.81304e-01, -4.17162e-01, -4.58103e-01, -5.12617e-02, 6.74697e-03, 2.13705e-02
0.037, 3.45785e-02, -1.54218e-02, -1.71939e-02, -2.69680e-03, 1.40612e-04, 7.29389e-04, 3.56264e-02, 9.81333e-01, -4.17047e-01, -4.57975e-01, -5.11977e-02, 6.73985e-03, 2.14099e-02
0.0371, 3.46767e-02, -1.54635e-02, -1.72397e-02, -2.70191e-03, 1.41286e-04, 7.31534e-04, 3.57247e-02, 9.81362e-01, -4.16932e-01, -4.57846e-01, -5.11339e-02, 6.73269e-03, 2.14494e-02
0.0372, 3.47748e-02, -1.55051e-02, -1.72854e-02, -2.70702e-03, 1.41958e-04, 7.33683e-04, 3.58230e-02, 9.81391e-01, -4.16817e-01, -4.57718e-01, -5.10703e-02, 6.72549e-03, 2.14888e-02
0.0373, 3.48729e-02, -1.55468e-02, -1.73312e-02, -2.71212e-03, 1.42630e-04, 7.35836e-04, 3.59213e-02, 9.81420e-01, -4.16702e-01, -4.57590e-01, -5.10069e-02, 6.71825e-03, 2.15283e-02
0.0374, 3.49711e-02, -1.55885e-02, -1.73770e-02, -2.71721e-03, 1.43301e-04, 7.37992e-04, 3.60196e-02, 9.81450e-01, -4.16588e-01, -4.57462e-01, -5.09437e-02, 6.71098e-03, 2.15677e-02
0.0375, 3.50692e-02, -1.56301e-02, -1.74227e-02, -2.72230e-03, 1.43971e-04, 7.40153e-04, 3.61179e-02, 9.81479e-01, -4.16473e-01, -4.57334e-01, -5.08808e-02, 6.70368e-03, 2.16072e-02
0.0376, 3.51674e-02, -1.56717e-02, -1.74684e-02, -2.72738e-03, 1.44641e-04, 7.42318e-04, 3.62161e-02, 9.81508e-01, -4.16358e-01, -4.57206e-01, -5.08180e-02, 6.69634e-03, 2.16467e-02
0.0377, 3.52655e-02, -1.57134e-02, -1.75141e-02, -2.73246e-03, 1.45310e-04, 7.44486e-04, 3.63144e-02, 9.81537e-01, -4.16244e-01, -4.57077e-01, -5.07555e-02, 6.68897e-03, 2.16862e-02
0.0378, 3.53637e-02, -1.57550e-02, -1.75598e-02, -2.73753e-03, 1.45978e-04, 7.46659e-04, 3.64126e-02, 9.81566e-01, -4.16129e-01, -4.56949e-01, -5.06931e-02, 6.68157e-03, 2.17257e-02
0.0379, 3.54618e-02, -1.57966e-02, -1.76055e-02, -2.74259e-03, 1.46645e-04, 7.48835e-04, 3.65109e-02, 9.81595e-01, -4.16015e-01, -4.56821e-01, -5.06310e-02, 6.67413e-03, 2.17652e-02
0.038, 3.55600e-02, -1.58382e-02, -1.76512e-02, -2.74765e-03, 1.47312e-04, 7.51016e-04, 3.66091e-02, 9.81624e-01, -4.15901e-01, -4.56693e-01, -5.05691e-02, 6.66666e-03, 2.18047e-02
0.0381, 3.56582e-02, -1.58798e-02, -1.76968e-02, -2.75270e-03, 1.47978e-04, 7.53200e-04, 3.67073e-02, 9.81653e-01, -4.15786e-01, -4.56565e-01, -5.05073e-02, 6.65916e-03, 2.18442e-02
0.0382, 3.57563e-02, -1.59213e-02, -1.77425e-02, -2.75774e-03, 1.48643e-04, 7.55389e-04, 3.68055e-02, 9.81682e-01, -4.15672e-01, -4.56437e-01, -5.04458e-02, 6.65163e-03, 2.18838e-02
0.0383, 3.58545e-02, -1.59629e-02, -1.77881e-02, -2.76278e-03, 1.49308e-04, 7.57581e-04, 3.69038e-02, 9.81711e-01, -4.15558e-01, -4.56309e-01, -5.03845e-02, 6.64407e-03, 2.19233e-02
0.0384, 3.59527e-02, -1.60044e-02, -1.78337e-02, -2.76781e-03, 1.49971e-04, 7.59777e-04, 3.70020e-02, 9.81740e-01, -4.15444e-01, -4.56181e-01, -5.03233e-02, 6.63648e-03, 2.19629e-02
0.0385, 3.60509e-02, -1.60460e-02, -1.78793e-02, -2.77284e-03, 1.50634e-04, 7.61978e-04, 3.71001e-02, 9.81769e-01, -4.15330e-01, -4.56053e-01, -5.02624e-02, 6.62886e-03, 2.20024e-02
0.0386, 3.61490e-02, -1.60875e-02, -1.79249e-02, -2.77786e-03, 1.51296e-04, 7.64182e-04, 3.71983e-02, 9.81798e-01, -4.15216e-01, -4.55925e-01, -5.02016e-02, 6.62120e-03, 2.20420e-02
0.0387, 3.62472e-02, -1.61290e-02, -1.79705e-02, -2.78287e-03, 1.51958e-04, 7.66390e-04, 3.72965e-02, 9.81827e-01, -4.15102e-01, -4.55797e-01, -5.01410e-02, 6.61352e-03, 2.20815e-02
0.0388, 3.63454e-02, -1.61705e-02, -1.80161e-02, -2.78788e-03, 1.52618e-04, 7.68602e-04, 3.73947e-02, 9.81856e-01, -4.14988e-01, -4.55670e-01, -5.00807e-02, 6.60581e-03, 2.21211e-02
0.0389, 3.64436e-02, -1.62120e-02, -1.80616e-02, -2.79289e-03, 1.53278e-04, 7.70818e-04, 3.74928e-02, 9.81884e-01, -4.14874e-01, -4.55542e-01, -5.00205e-02, 6.59807e-03, 2.21607e-02
0.039, 3.65418e-02, -1.62534e-02, -1.81072e-02, -2.79788e-03, 1.53937e-04, 7.73038e-04, 3.75910e-02, 9.81913e-01, -4.14761e-01, -4.55414e-01, -4.99605e-02, 6.59031e-03, 2.22003e-02
0.0391, 3.66400e-02, -1.62949e-02, -1.81527e-02, -2.80287e-03, 1.54595e-04, 7.75262e-04, 3.76891e-02, 9.81942e-01, -4.14647e-01, -4.55286e-01, -4.99006e-02, 6.58251e-03, 2.22399e-02
0.0392, 3.67382e-02, -1.63364e-02, -1.81982e-02, -2.80786e-03, 1.55253e-04, 7.77490e-04, 3.77873e-02, 9.81971e-01, -4.14533e-01, -4.55158e-01, -4.98410e-02, 6.57469e-03, 2.22795e-02
0.0393, 3.68364e-02, -1.63778e-02, -1.82437e-02, -2.81283e-03, 1.55909e-04, 7.79722e-04, 3.78854e-02, 9.82000e-01, -4.14420e-01, -4.55031e-01, -4.97815e-02, 6.56684e-03, 2.23191e-02
0.0394, 3.69346e-02, -1.64192e-02, -1.82892e-02, -2.81781e-03, 1.56565e-04, 7.81958e-04, 3.79835e-02, 9.82029e-01, -4.14307e-01, -4.54903e-01, -4.97223e-02, 6.55897e-03, 2.23587e-02
0.0395, 3.70328e-02, -1.64607e-02, -1.83347e-02, -2.82277e-03, 1.57220e-04, 7.84198e-04, 3.80816e-02, 9.82057e-01, -4.14193e-01, -4.54775e-01, -4.96632e-02, 6.55107e-03, 2.23983e-02
0.0396, 3.71310e-02, -1.65021e-02, -1.83801e-02, -2.82773e-03, 1.57875e-04, 7.86441e-04, 3.81797e-02, 9.82086e-01, -4.14080e-01, -4.54647e-01, -4.96042e-02, 6.54314e-03, 2.24379e-02
0.0397, 3.72292e-02, -1.65435e-02, -1.84256e-02, -2.83269e-03, 1.58528e-04, 7.88689e-04, 3.82778e-02, 9.82115e-01, -4.13967e-01, -4.54520e-01, -4.95455e-02, 6.53519e-03, 2.24775e-02
0.0398, 3.73274e-02, -1.65848e-02, -1.84710e-02, -2.83764e-03, 1.59181e-04, 7.90941e-04, 3.83759e-02, 9.82144e-01, -4.13853e-01, -4.54392e-01, -4.94869e-02, 6.52722e-03, 2.25171e-02
0.0399, 3.74256e-02, -1.66262e-02, -1.85164e-02, -2.84258e-03, 1.59833e-04, 7.93197e-04, 3.84740e-02, 9.82172e-01, -4.13740e-01, -4.54264e-01, -4.94285e-02, 6.51921e-03, 2.25567e-02
0.04, 3.75239e-02, -1.66676e-02, -1.85619e-02, -2.84752e-03, 1.60484e-04, 7.95456e-04, 3.85721e-02, 9.82201e-01, -4.13627e-01, -4.54137e-01, -4.93703e-02, 6.51119e-03, 2.25963e-02
0.0401, 3.76221e-02, -1.67089e-02, -1.86073e-02, -2.85245e-03, 1.61134e-04, 7.97720e-04, 3.86701e-02, 9.82230e-01, -4.13514e-01, -4.54009e-01, -4.93123e-02, 6.50314e-03, 2.26359e-02
0.0402, 3.77203e-02, -1.67503e-02, -1.86527e-02, -2.85737e-03, 1.61784e-04, 7.99987e-04, 3.87682e-02, 9.82258e-01, -4.13402e-01, -4.53881e-01, -4.92544e-02, 6.49507e-03, 2.26756e-02
0.0403, 3.78185e-02, -1.67916e-02, -1.86980e-02, -2.86229e-03, 1.62433e-04, 8.02259e-04, 3.88663e-02, 9.82287e-01, -4.13289e-01, -4.53754e-01, -4.91967e-02, 6.48697e-03, 2.27152e-02
0.0404, 3.79168e-02, -1.68329e-02, -1.87434e-02, -2.86721e-03, 1.63080e-04, 8.04534e-04, 3.89643e-02, 9.82316e-01, -4.13176e-01, -4.53626e-01, -4.91391e-02, 6.47885e-03, 2.27548e-02
0.0405, 3.80150e-02, -1.68742e-02, -1.87887e-02, -2.87211e-03, 1.63728e-04, 8.06814e-04, 3.90623e-02, 9.82344e-01, -4.13063e-01, -4.53499e-01, -4.90817e-02, 6.47071e-03, 2.27944e-02
0.0406, 3.81132e-02, -1.69155e-02, -1.88341e-02, -2.87702e-03, 1.64374e-04, 8.09097e-04, 3.91604e-02, 9.82373e-01, -4.12951e-01, -4.53371e-01, -4.90245e-02, 6.46254e-03, 2.28340e-02
0.0407, 3.82115e-02, -1.69568e-02, -1.88794e-02, -2.88191e-03, 1.65019e-04, 8.11385e-04, 3.92584e-02, 9.82401e-01, -4.12838e-01, -4.53244e-01, -4.89675e-02, 6.45436e-03, 2.28737e-02
0.0408, 3.83097e-02, -1.69981e-02, -1.89247e-02, -2.88680e-03, 1.65664e-04, 8.13676e-04, 3.93564e-02, 9.82430e-01, -4.12726e-01, -4.53116e-01, -4.89106e-02, 6.44615e-03, 2.29133e-02
0.0409, 3.84080e-02, -1.70393e-02, -1.89700e-02, -2.89169e-03, 1.66308e-04, 8.15971e-04, 3.94544e-02, 9.82458e-01, -4.12613e-01, -4.52989e-01, -4.88538e-02, 6.43792e-03, 2.29529e-02
0.041, 3.85062e-02, -1.70806e-02, -1.90153e-02, -2.89657e-03, 1.66951e-04, 8.18270e-04, 3.95524e-02, 9.82487e-01, -4.12501e-01, -4.52861e-01, -4.87973e-02, 6.42967e-03, 2.29925e-02
0.0411, 3.86045e-02, -1.71218e-02, -1.90606e-02, -2.90144e-03, 1.67593e-04, 8.20574e-04, 3.96504e-02, 9.82515e-01, -4.12389e-01, -4.52734e-01, -4.87409e-02, 6.42140e-03, 2.30321e-02
0.0412, 3.87027e-02, -1.71631e-02, -1.91058e-02, -2.90631e-03, 1.68234e-04, 8.22881e-04, 3.97484e-02, 9.82544e-01, -4.12276e-01, -4.52607e-01, -4.86846e-02, 6.41311e-03, 2.30717e-02
0.0413, 3.88010e-02, -1.72043e-02, -1.91511e-02, -2.91117e-03, 1.68875e-04, 8.25192e-04, 3.98463e-02, 9.82572e-01, -4.12164e-01, -4.52479e-01, -4.86285e-02, 6.40479e-03, 2.31113e-02
0.0414, 3.88992e-02, -1.72455e-02, -1.91963e-02, -2.91603e-03, 1.69514e-04, 8.27507e-04, 3.99443e-02, 9.82601e-01, -4.12052e-01, -4.52352e-01, -4.85726e-02, 6.39646e-03, 2.31510e-02
0.0415, 3.89975e-02, -1.72867e-02, -1.92415e-02, -2.92088e-03, 1.70153e-04, 8.29826e-04, 4.00423e-02, 9.82629e-01, -4.11940e-01, -4.52224e-01, -4.85168e-02, 6.38811e-03, 2.31906e-02
0.0416, 3.90958e-02, -1.73279e-02, -1.92867e-02, -2.92573e-03, 1.70791e-04, 8.32149e-04, 4.01402e-02, 9.82658e-01, -4.11828e-01, -4.52097e-01, -4.84611e-02, 6.37974e-03, 2.32302e-02
0.0417, 3.91940e-02, -1.73690e-02, -1.93319e-02, -2.93057e-03, 1.71428e-04, 8.34476e-04, 4.02381e-02, 9.82686e-01, -4.11716e-01, -4.51970e-01, -4.84056e-02, 6.37135e-03, 2.32698e-02
0.0418, 3.92923e-02, -1.74102e-02, -1.93771e-02, -2.93541e-03, 1.72064e-04, 8.36807e-04, 4.03361e-02, 9.82715e-01, -4.11605e-01, -4.51843e-01, -4.83503e-02, 6.36294e-03, 2.33094e-02
0.0419, 3.93906e-02, -1.74513e-02, -1.94223e-02, -2.94023e-03, 1.72700e-04, 8.39142e-04, 4.04340e-02, 9.82743e-01, -4.11493e-01, -4.51715e-01, -4.82951e-02, 6.35451e-03, 2.33490e-02
0.042, 3.94889e-02, -1.74925e-02, -1.94675e-02, -2.94506e-03, 1.73334e-04, 8.41481e-04, 4.05319e-02, 9.82771e-01, -4.11381e-01, -4.51588e-01, -4.82401e-02, 6.34607e-03, 2.33885e-02
0.0421, 3.95871e-02, -1.75336e-02, -1.95126e-02, -2.94988e-03, 1.73968e-04, 8.43824e-04, 4.06298e-02, 9.82800e-01, -4.11270e-01, -4.51461e-01, -4.81852e-02, 6.33760e-03, 2.34281e-02
0.0422, 3.96854e-02, -1.75747e-02, -1.95577e-02, -2.95469e-03, 1.74601e-04, 8.46170e-04, 4.07278e-02, 9.82828e-01, -4.11158e-01, -4.51334e-01, -4.81304e-02, 6.32912e-03, 2.34677e-02
0.0423, 3.97837e-02, -1.76158e-02, -1.96029e-02, -2.95950e-03, 1.75233e-04, 8.48521e-04, 4.08257e-02, 9.82856e-01, -4.11047e-01, -4.51206e-01, -4.80758e-02, 6.32062e-03, 2.35073e-02
0.0424, 3.98820e-02, -1.76569e-02, -1.96480e-02, -2.96430e-03, 1.75864e-04, 8.50876e-04, 4.09235e-02, 9.82885e-01, -4.10935e-01, -4.51079e-01, -4.80214e-02, 6.31210e-03, 2.35469e-02
0.0425, 3.99803e-02, -1.76980e-02, -1.96931e-02, -2.96910e-03, 1.76495e-04, 8.53234e-04, 4.10214e-02, 9.82913e-01, -4.10824e-01, -4.50952e-01, -4.79671e-02, 6.30357e-03, 2.35864e-02
0.0426, 4.00786e-02, -1.77391e-02, -1.97381e-02, -2.97389e-03, 1.77124e-04, 8.55597e-04, 4.11193e-02, 9.82941e-01, -4.10713e-01, -4.50825e-01, -4.79129e-02, 6.29502e-03, 2.36260e-02
0.0427, 4.01769e-02, -1.77801e-02, -1.97832e-02, -2.97867e-03, 1.77753e-04, 8.57964e-04, 4.12172e-02, 9.82970e-01, -4.10601e-01, -4.50698e-01, -4.78589e-02, 6.28645e-03, 2.36656e-02
0.0428, 4.02752e-02, -1.78212e-02, -1.98283e-02, -2.98345e-03, 1.78381e-04, 8.60334e-04, 4.13150e-02, 9.82998e-01, -4.10490e-01, -4.50571e-01, -4.78050e-02, 6.27787e-03, 2.37051e-02
0.0429, 4.03735e-02, -1.78622e-02, -1.98733e-02, -2.98823e-03, 1.79008e-04, 8.62709e-04, 4.14129e-02, 9.83026e-01, -4.10379e-01, -4.50444e-01, -4.77512e-02, 6.26927e-03, 2.37447e-02
0.043, 4.04718e-02, -1.79032e-02, -1.99183e-02, -2.99300e-03, 1.79634e-04, 8.65087e-04, 4.15107e-02, 9.83054e-01, -4.10268e-01, -4.50317e-01, -4.76976e-02, 6.26065e-03, 2.37842e-02
0.0431, 4.05701e-02, -1.79443e-02, -1.99634e-02, -2.99776e-03, 1.80259e-04, 8.67469e-04, 4.16086e-02, 9.83083e-01, -4.10157e-01, -4.50190e-01, -4.76441e-02, 6.25202e-03, 2.38237e-02
0.0432, 4.06684e-02, -1.79853e-02, -2.00084e-02, -3.00252e-03, 1.80883e-04, 8.69856e-04, 4.17064e-02, 9.83111e-01, -4.10046e-01, -4.50063e-01, -4.75908e-02, 6.24338e-03, 2.38633e-02
0.0433, 4.07667e-02, -1.80263e-02, -2.00534e-02, -3.00728e-03, 1.81507e-04, 8.72246e-04, 4.18042e-02, 9.83139e-01, -4.09936e-01, -4.49936e-01, -4.75376e-02, 6.23471e-03, 2.39028e-02
0.0434, 4.08650e-02, -1.80672e-02, -2.00983e-02, -3.01203e-03, 1.82129e-04, 8.74640e-04, 4.19020e-02, 9.83167e-01, -4.09825e-01, -4.49809e-01, -4.74845e-02, 6.22604e-03, 2.39423e-02
0.0435, 4.09634e-02, -1.81082e-02, -2.01433e-02, -3.01677e-03, 1.82751e-04, 8.77038e-04, 4.19998e-02, 9.83195e-01, -4.09714e-01, -4.49682e-01, -4.74316e-02, 6.21735e-03, 2.39818e-02
0.0436, 4.10617e-02, -1.81492e-02, -2.01883e-02, -3.02151e-03, 1.83372e-04, 8.79440e-04, 4.20976e-02, 9.83223e-01, -4.09604e-01, -4.49555e-01, -4.73788e-02, 6.20864e-03, 2.40213e-02
0.0437, 4.11600e-02, -1.81901e-02, -2.02332e-02, -3.02624e-03, 1.83992e-04, 8.81847e-04, 4.21954e-02, 9.83252e-01, -4.09493e-01, -4.49428e-01, -4.73261e-02, 6.19992e-03, 2.40608e-02
0.0438, 4.12583e-02, -1.82311e-02, -2.02781e-02, -3.03097e-03, 1.84611e-04, 8.84257e-04, 4.22932e-02, 9.83280e-01, -4.09383e-01, -4.49301e-01, -4.72736e-02, 6.19118e-03, 2.41003e-02
0.0439, 4.13567e-02, -1.82720e-02, -2.03231e-02, -3.03569e-03, 1.85229e-04, 8.86671e-04, 4.23910e-02, 9.83308e-01, -4.09272e-01, -4.49174e-01, -4.72211e-02, 6.18244e-03, 2.41398e-02
0.044, 4.14550e-02, -1.83129e-02, -2.03680e-02, -3.04041e-03, 1.85847e-04, 8.89088e-04, 4.24888e-02, 9.83336e-01, -4.09162e-01, -4.49047e-01, -4.71688e-02, 6.17367e-03, 2.41793e-02
0.0441, 4.15533e-02, -1.83538e-02, -2.04129e-02, -3.04512e-03, 1.86463e-04, 8.91510e-04, 4.25865e-02, 9.83364e-01, -4.09052e-01, -4.48920e-01, -4.71167e-02, 6.16490e-03, 2.42187e-02
0.0442, 4.16517e-02, -1.83947e-02, -2.04577e-02, -3.04982e-03, 1.87079e-04, 8.93936e-04, 4.26843e-02, 9.83392e-01, -4.08942e-01, -4.48793e-01, -4.70647e-02, 6.15611e-03, 2.42582e-02
0.0443, 4.17500e-02, -1.84356e-02, -2.05026e-02, -3.05452e-03, 1.87693e-04, 8.96366e-04, 4.27821e-02, 9.83420e-01, -4.08831e-01, -4.48666e-01, -4.70127e-02, 6.14731e-03, 2.42976e-02
0.0444, 4.18484e-02, -1.84765e-02, -2.05475e-02, -3.05922e-03, 1.88307e-04, 8.98800e-04, 4.28798e-02, 9.83448e-01, -4.08721e-01, -4.48540e-01, -4.69610e-02, 6.13849e-03, 2.43371e-02
0.0445, 4.19467e-02, -1.85173e-02, -2.05923e-02, -3.06391e-03, 1.88920e-04, 9.01237e-04, 4.29775e-02, 9.83476e-01, -4.08611e-01, -4.48413e-01, -4.69093e-02, 6.12966e-03, 2.43765e-02
0.0446, 4.20451e-02, -1.85582e-02, -2.06371e-02, -3.06860e-03, 1.89532e-04, 9.03679e-04, 4.30753e-02, 9.83504e-01, -4.08502e-01, -4.48286e-01, -4.68578e-02, 6.12082e-03, 2.44159e-02
0.0447, 4.21434e-02, -1.85990e-02, -2.06819e-02, -3.07328e-03, 1.90144e-04, 9.06124e-04, 4.31730e-02, 9.83532e-01, -4.08392e-01, -4.48159e-01, -4.68064e-02, 6.11197e-03, 2.44554e-02
0.0448, 4.22418e-02, -1.86398e-02, -2.07267e-02, -3.07795e-03, 1.90754e-04, 9.08574e-04, 4.32707e-02, 9.83560e-01, -4.08282e-01, -4.48033e-01, -4.67551e-02, 6.10310e-03, 2.44948e-02
0.0449, 4.23401e-02, -1.86807e-02, -2.07715e-02, -3.08262e-03, 1.91363e-04, 9.11027e-04, 4.33684e-02, 9.83588e-01, -4.08172e-01, -4.47906e-01, -4.67039e-02, 6.09423e-03, 2.45342e-02
0.045, 4.24385e-02, -1.87215e-02, -2.08163e-02, -3.08729e-03, 1.91972e-04, 9.13485e-04, 4.34661e-02, 9.83616e-01, -4.08063e-01, -4.47779e-01, -4.66528e-02, 6.08534e-03, 2.45736e-02
0.0451, 4.25369e-02, -1.87623e-02, -2.08611e-02, -3.09195e-03, 1.92579e-04, 9.15946e-04, 4.35638e-02, 9.83644e-01, -4.07953e-01, -4.47653e-01, -4.66019e-02, 6.07644e-03, 2.46129e-02
0.0452, 4.26352e-02, -1.88030e-02, -2.09058e-02, -3.09660e-03, 1.93186e-04, 9.18411e-04, 4.36615e-02, 9.83672e-01, -4.07843e-01, -4.47526e-01, -4.65511e-02, 6.06752e-03, 2.46523e-02
0.0453, 4.27336e-02, -1.88438e-02, -2.09506e-02, -3.10125e-03, 1.93792e-04, 9.20880e-04, 4.37592e-02, 9.83700e-01, -4.07734e-01, -4.47399e-01, -4.65004e-02, 6.05860e-03, 2.46917e-02
0.0454, 4.28320e-02, -1.88846e-02, -2.09953e-02, -3.10590e-03, 1.94397e-04, 9.23353e-04, 4.38568e-02, 9.83728e-01, -4.07625e-01, -4.47273e-01, -4.64498e-02, 6.04967e-03, 2.47310e-02
0.0455, 4.29303e-02, -1.89253e-02, -2.10400e-02, -3.11054e-03, 1.95001e-04, 9.25831e-04, 4.39545e-02, 9.83756e-01, -4.07515e-01, -4.47146e-01, -4.63994e-02, 6.04072e-03, 2.47704e-02
0.0456, 4.30287e-02, -1.89661e-02, -2.10847e-02, -3.11517e-03, 1.95604e-04, 9.28311e-04, 4.40522e-02, 9.83784e-01, -4.07406e-01, -4.47019e-01, -4.63490e-02, 6.03176e-03, 2.48097e-02
0.0457, 4.31271e-02, -1.90068e-02, -2.11294e-02, -3.11980e-03, 1.96207e-04, 9.30796e-04, 4.41498e-02, 9.83812e-01, -4.07297e-01, -4.46893e-01, -4.62988e-02, 6.02280e-03, 2.48490e-02
0.0458, 4.32255e-02, -1.90475e-02, -2.11741e-02, -3.12443e-03, 1.96808e-04, 9.33285e-04, 4.42475e-02, 9.83839e-01, -4.07188e-01, -4.46766e-01, -4.62487e-02, 6.01382e-03, 2.48883e-02
0.0459, 4.33239e-02, -1.90882e-02, -2.12187e-02, -3.12905e-03, 1.97408e-04, 9.35778e-04, 4.43451e-02, 9.83867e-01, -4.07079e-01, -4.46640e-01, -4.61987e-02, 6.00483e-03, 2.49276e-02
0.046, 4.34223e-02, -1.91289e-02, -2.12634e-02, -3.13366e-03, 1.98008e-04, 9.38275e-04, 4.44427e-02, 9.83895e-01, -4.06970e-01, -4.46513e-01, -4.61488e-02, 5.99583e-03, 2.49669e-02
0.0461, 4.35207e-02, -1.91696e-02, -2.13080e-02, -3.13827e-03, 1.98607e-04, 9.40775e-04, 4.45403e-02, 9.83923e-01, -4.06861e-01, -4.46387e-01, -4.60990e-02, 5.98682e-03, 2.50062e-02
0.0462, 4.36191e-02, -1.92103e-02, -2.13527e-02, -3.14288e-03, 1.99204e-04, 9.43280e-04, 4.46380e-02, 9.83951e-01, -4.06752e-01, -4.46260e-01, -4.60493e-02, 5.97781e-03, 2.50455e-02
0.0463, 4.37175e-02, -1.92509e-02, -2.13973e-02, -3.14748e-03, 1.99801e-04, 9.45788e-04, 4.47356e-02, 9.83979e-01, -4.06643e-01, -4.46134e-01, -4.59997e-02, 5.96878e-03, 2.50847e-02
0.0464, 4.38159e-02, -1.92916e-02, -2.14419e-02, -3.15207e-03, 2.00397e-04, 9.48301e-04, 4.48332e-02, 9.84006e-01, -4.06535e-01, -4.46008e-01, -4.59503e-02, 5.95974e-03, 2.51240e-02
0.0465, 4.39143e-02, -1.93322e-02, -2.14865e-02, -3.15666e-03, 2.00992e-04, 9.50817e-04, 4.49308e-02, 9.84034e-01, -4.06426e-01, -4.45881e-01, -4.59009e-02, 5.95069e-03, 2.51632e-02
0.0466, 4.40127e-02, -1.93729e-02, -2.15310e-02, -3.16125e-03, 2.01587e-04, 9.53337e-04, 4.50283e-02, 9.84062e-01, -4.06317e-01, -4.45755e-01, -4.58517e-02, 5.94164e-03, 2.52025e-02
0.0467, 4.41111e-02, -1.94135e-02, -2.15756e-02, -3.16583e-03, 2.02180e-04, 9.55861e-04, 4.51259e-02, 9.84090e-01, -4.06209e-01, -4.45628e-01, -4.58026e-02, 5.93257e-03, 2.52417e-02
0.0468, 4.42095e-02, -1.94541e-02, -2.16202e-02, -3.17040e-03, 2.02772e-04, 9.58390e-04, 4.52235e-02, 9.84117e-01, -4.06100e-01, -4.45502e-01, -4.57536e-02, 5.92350e-03, 2.52809e-02
0.0469, 4.43079e-02, -1.94947e-02, -2.16647e-02, -3.17497e-03, 2.03364e-04, 9.60922e-04, 4.53211e-02, 9.84145e-01, -4.05992e-01, -4.45376e-01, -4.57046e-02, 5.91441e-03, 2.53201e-02
0.047, 4.44063e-02, -1.95353e-02, -2.17092e-02, -3.17954e-03, 2.03954e-04, 9.63457e-04, 4.54186e-02, 9.84173e-01, -4.05884e-01, -4.45249e-01, -4.56558e-02, 5.90532e-03, 2.53593e-02
0.0471, 4.45047e-02, -1.95759e-02, -2.17537e-02, -3.18410e-03, 2.04544e-04, 9.65997e-04, 4.55162e-02, 9.84201e-01, -4.05775e-01, -4.45123e-01, -4.56071e-02, 5.89622e-03, 2.53984e-02
0.0472, 4.46032e-02, -1.96164e-02, -2.17982e-02, -3.18866e-03, 2.05132e-04, 9.68541e-04, 4.56137e-02, 9.84228e-01, -4.05667e-01, -4.44997e-01, -4.55585e-02, 5.88711e-03, 2.54376e-02
0.0473, 4.47016e-02, -1.96570e-02, -2.18427e-02, -3.19321e-03, 2.05720e-04, 9.71089e-04, 4.57113e-02, 9.84256e-01, -4.05559e-01, -4.44870e-01, -4.55100e-02, 5.87799e-03, 2.54767e-02
0.0474, 4.48000e-02, -1.96975e-02, -2.18872e-02, -3.19775e-03, 2.06307e-04, 9.73640e-04, 4.58088e-02, 9.84284e-01, -4.05451e-01, -4.44744e-01, -4.54616e-02, 5.86886e-03, 2.55159e-02
0.0475, 4.48984e-02, -1.97381e-02, -2.19317e-02, -3.20230e-03, 2.06893e-04, 9.76196e-04, 4.59063e-02, 9.84311e-01, -4.05343e-01, -4.44618e-01, -4.54133e-02, 5.85973e-03, 2.55550e-02
0.0476, 4.49969e-02, -1.97786e-02, -2.19761e-02, -3.20683e-03, 2.07478e-04, 9.78755e-04, 4.60038e-02, 9.84339e-01, -4.05235e-01, -4.44492e-01, -4.53651e-02, 5.85059e-03, 2.55941e-02
0.0477, 4.50953e-02, -1.98191e-02, -2.20205e-02, -3.21136e-03, 2.08062e-04, 9.81319e-04, 4.61013e-02, 9.84367e-01, -4.05127e-01, -4.44366e-01, -4.53170e-02, 5.84144e-03, 2.56332e-02
0.0478, 4.51938e-02, -1.98596e-02, -2.20650e-02, -3.21589e-03, 2.08646e-04, 9.83886e-04, 4.61988e-02, 9.84394e-01, -4.05020e-01, -4.44239e-01, -4.52690e-02, 5.83228e-03, 2.56723e-02
0.0479, 4.52922e-02, -1.99001e-02, -2.21094e-02, -3.22041e-03, 2.09228e-04, 9.86457e-04, 4.62963e-02, 9.84422e-01, -4.04912e-01, -4.44113e-01, -4.52211e-02, 5.82312e-03, 2.57113e-02
0.048, 4.53906e-02, -1.99406e-02, -2.21538e-02, -3.22493e-03, 2.09809e-04, 9.89032e-04, 4.63938e-02, 9.84450e-01, -4.04804e-01, -4.43987e-01, -4.51733e-02, 5.81394e-03, 2.57504e-02
0.0481, 4.54891e-02, -1.99811e-02, -2.21982e-02, -3.22944e-03, 2.10390e-04, 9.91611e-04, 4.64913e-02, 9.84477e-01, -4.04697e-01, -4.43861e-01, -4.51257e-02, 5.80476e-03, 2.57894e-02
0.0482, 4.55875e-02, -2.00215e-02, -2.22425e-02, -3.23395e-03, 2.10969e-04, 9.94194e-04, 4.65888e-02, 9.84505e-01, -4.04589e-01, -4.43735e-01, -4.50780e-02, 5.79558e-03, 2.58285e-02
0.0483, 4.56860e-02, -2.00620e-02, -2.22869e-02, -3.23845e-03, 2.11548e-04, 9.96780e-04, 4.66863e-02, 9.84532e-01, -4.04482e-01, -4.43609e-01, -4.50305e-02, 5.78638e-03, 2.58675e-02
0.0484, 4.57844e-02, -2.01024e-02, -2.23312e-02, -3.24295e-03, 2.12126e-04, 9.99371e-04, 4.67837e-02, 9.84560e-01, -4.04374e-01, -4.43483e-01, -4.49831e-02, 5.77718e-03, 2.59065e-02
0.0485, 4.58829e-02, -2.01428e-02, -2.23756e-02, -3.24745e-03, 2.12702e-04, 1.00197e-03, 4.68812e-02, 9.84588e-01, -4.04267e-01, -4.43357e-01, -4.49358e-02, 5.76797e-03, 2.59455e-02
0.0486, 4.59814e-02, -2.01832e-02, -2.24199e-02, -3.25193e-03, 2.13278e-04, 1.00456e-03, 4.69786e-02, 9.84615e-01, -4.04160e-01, -4.43231e-01, -4.48886e-02, 5.75876e-03, 2.59845e-02
0.0487, 4.60798e-02, -2.02236e-02, -2.24642e-02, -3.25642e-03, 2.13853e-04, 1.00717e-03, 4.70761e-02, 9.84643e-01, -4.04052e-01, -4.43105e-01, -4.48415e-02, 5.74953e-03, 2.60235e-02
0.0488, 4.61783e-02, -2.02640e-02, -2.25085e-02, -3.26090e-03, 2.14427e-04, 1.00977e-03, 4.71735e-02, 9.84670e-01, -4.03945e-01, -4.42979e-01, -4.47945e-02, 5.74031e-03, 2.60624e-02
0.0489, 4.62768e-02, -2.03044e-02, -2.25528e-02, -3.26537e-03, 2.15000e-04, 1.01238e-03, 4.72709e-02, 9.84698e-01, -4.03838e-01, -4.42853e-01, -4.47475e-02, 5.73107e-03, 2.61014e-02
0.049, 4.63752e-02, -2.03448e-02, -2.25971e-02, -3.26984e-03, 2.15573e-04, 1.01500e-03, 4.73684e-02, 9.84725e-01, -4.03731e-01, -4.42727e-01, -4.47007e-02, 5.72183e-03, 2.61403e-02
0.0491, 4.64737e-02, -2.03852e-02, -2.26413e-02, -3.27431e-03, 2.16144e-04, 1.01761e-03, 4.74658e-02, 9.84753e-01, -4.03624e-01, -4.42601e-01, -4.46539e-02, 5.71258e-03, 2.61792e-02
0.0492, 4.65722e-02, -2.04255e-02, -2.26856e-02, -3.27877e-03, 2.16714e-04, 1.02024e-03, 4.75632e-02, 9.84780e-01, -4.03517e-01, -4.42475e-01, -4.46073e-02, 5.70333e-03, 2.62181e-02
0.0493, 4.66707e-02, -2.04659e-02, -2.27298e-02, -3.28322e-03, 2.17284e-04, 1.02286e-03, 4.76606e-02, 9.84808e-01, -4.03411e-01, -4.42349e-01, -4.45607e-02, 5.69407e-03, 2.62570e-02
0.0494, 4.67692e-02, -2.05062e-02, -2.27740e-02, -3.28768e-03, 2.17852e-04, 1.02549e-03, 4.77580e-02, 9.84835e-01, -4.03304e-01, -4.42224e-01, -4.45142e-02, 5.68480e-03, 2.62959e-02
0.0495, 4.68676e-02, -2.05465e-02, -2.28182e-02, -3.29212e-03, 2.18420e-04, 1.02813e-03, 4.78554e-02, 9.84863e-01, -4.03197e-01, -4.42098e-01, -4.44678e-02, 5.67553e-03, 2.63347e-02
0.0496, 4.69661e-02, -2.05868e-02, -2.28624e-02, -3.29657e-03, 2.18986e-04, 1.03076e-03, 4.79527e-02, 9.84890e-01, -4.03091e-01, -4.41972e-01, -4.44215e-02, 5.66625e-03, 2.63736e-02
0.0497, 4.70646e-02, -2.06271e-02, -2.29066e-02, -3.30100e-03, 2.19552e-04, 1.03340e-03, 4.80501e-02, 9.84917e-01, -4.02984e-01, -4.41846e-01, -4.43753e-02, 5.65697e-03, 2.64124e-02
0.0498, 4.71631e-02, -2.06674e-02, -2.29508e-02, -3.30544e-03, 2.20117e-04, 1.03605e-03, 4.81475e-02, 9.84945e-01, -4.02877e-01, -4.41720e-01, -4.43292e-02, 5.64768e-03, 2.64512e-02
0.0499, 4.72616e-02, -2.07077e-02, -2.29950e-02, -3.30986e-03, 2.20681e-04, 1.03870e-03, 4.82449e-02, 9.84972e-01, -4.02771e-01, -4.41595e-01, -4.42832e-02, 5.63839e-03, 2.64900e-02
0.05, 4.73601e-02, -2.07479e-02, -2.30391e-02, -3.31429e-03, 2.21243e-04, 1.04135e-03, 4.83422e-02, 9.85000e-01, -4.02665e-01, -4.41469e-01, -4.42372e-02, 5.62909e-03, 2.65288e-02
