TimeStep Time Epsilon_xx Epsilon_yy Epsilon_zz Epsilon_yz Epsilon_xz Epsilon_xy Sigma_xx Sigma_yy Sigma_zz Sigma_yz Sigma_xz Sigma_xy Mises Pressure Norm
0 0 1.19316e-16 9.32512e-17 1.02556e-16 1.3787e-16 1.20798e-16 -3.40564e-17 -6.07122e-05 -5.70618e-05 -5.86952e-05 -9.28878e-06 -7.87757e-06 2.75857e-06 2.18603e-05 5.8823e-05 0.000103436
10 0.01 0.0001 -3.47321e-05 -3.68307e-05 -1.23144e-06 -5.50661e-07 -5.02155e-07 1.59262e+07 82.3584 2918.64 648.401 -651.736 -585.456 1.59247e+07 -5.30974e+06 1.59262e+07
20 0.02 0.0002 -6.94612e-05 -7.36689e-05 -2.47281e-06 -1.09524e-06 -9.98654e-07 3.18496e+07 82.8755 2917.64 648.416 -651.259 -585.405 3.18481e+07 -1.06175e+07 3.18496e+07
30 0.03 0.0003 -0.000104191 -0.000110507 -3.71423e-06 -1.6405e-06 -1.49547e-06 4.77734e+07 83.3358 2916.7 648.449 -650.777 -585.357 4.77719e+07 -1.59255e+07 4.77734e+07
40 0.04 0.0004 -0.000138921 -0.000147345 -4.9557e-06 -2.18643e-06 -1.9926e-06 6.36976e+07 83.7803 2915.76 648.485 -650.295 -585.31 6.36961e+07 -2.12335e+07 6.36976e+07
50 0.05 0.0005 -0.000173652 -0.000184183 -6.19722e-06 -2.73295e-06 -2.49009e-06 7.9622e+07 84.2183 2914.85 648.526 -649.818 -585.269 7.96205e+07 -2.65417e+07 7.9622e+07
60 0.06 0.0006 -0.000208385 -0.000221022 -7.43887e-06 -3.27951e-06 -2.98814e-06 9.55458e+07 84.661 2914 648.585 -649.373 -585.265 9.55443e+07 -3.18496e+07 9.55458e+07
70 0.07 0.0007 -0.00024312 -0.000257868 -8.68095e-06 -3.82363e-06 -3.48771e-06 1.11465e+08 85.1382 2913.43 648.715 -649.061 -585.41 1.11464e+08 -3.71561e+07 1.11465e+08
80 0.08 0.0008 -0.000277863 -0.000294737 -9.92458e-06 -4.35639e-06 -3.99226e-06 1.27367e+08 85.7441 2913.82 649.09 -649.198 -586.061 1.27366e+08 -4.24568e+07 1.27367e+08
90 0.09 0.0009 -0.000312633 -0.000331684 -1.11732e-05 -4.85106e-06 -4.5119e-06 1.43211e+08 86.7427 2916.86 650.173 -650.601 -588.147 1.4321e+08 -4.7738e+07 1.43211e+08
100 0.1 0.001 -0.000347475 -0.000368847 -1.24368e-05 -5.24034e-06 -5.07079e-06 1.58892e+08 88.8519 2926.17 653.084 -655.05 -593.733 1.58891e+08 -5.29651e+07 1.58892e+08
110 0.11 0.0011 -0.000382494 -0.000406527 -1.37426e-05 -5.38539e-06 -5.71042e-06 1.74181e+08 94.0005 2947.2 660.244 -665.547 -606.541 1.7418e+08 -5.80615e+07 1.74181e+08
120 0.12 0.0012 -0.000417894 -0.000445254 -1.51672e-05 -5.07326e-06 -6.45685e-06 1.88661e+08 106.883 2983.18 676.062 -685.245 -631.366 1.8866e+08 -6.28881e+07 1.88661e+08
130 0.13 0.0013 -0.000453993 -0.00048573 -1.69054e-05 -4.11308e-06 -7.20325e-06 2.0175e+08 135.421 3026.81 705.837 -714.167 -670.968 2.01749e+08 -6.72511e+07 2.0175e+08
140 0.14 0.0014 -0.000491167 -0.000528574 -1.93395e-05 -2.50288e-06 -7.56735e-06 2.12882e+08 185.498 3059.74 750.318 -746.865 -721.937 2.1288e+08 -7.09616e+07 2.12882e+08
150 0.15 0.0015 -0.00052968 -0.000574051 -2.2958e-05 -4.5828e-07 -6.95936e-06 2.2175e+08 251.462 3069.88 802.791 -773.867 -774.112 2.21748e+08 -7.39178e+07 2.2175e+08
160 0.16 0.0016 -0.000569547 -0.000622003 -2.80872e-05 1.75341e-06 -4.91867e-06 2.28432e+08 318.366 3062.24 854.183 -788.833 -817.027 2.2843e+08 -7.61451e+07 2.28432e+08
170 0.17 0.0017 -0.000610559 -0.00067197 -3.47303e-05 3.94888e-06 -1.38014e-06 2.33304e+08 373.355 3050.18 900.078 -792.11 -846.391 2.33302e+08 -7.77692e+07 2.33304e+08
180 0.18 0.0018 -0.000652416 -0.000723396 -4.26672e-05 6.03192e-06 3.37857e-06 2.36851e+08 412.424 3042.45 939.402 -788.299 -864.016 2.36849e+08 -7.89514e+07 2.36851e+08
190 0.19 0.0019 -0.000694856 -0.000775784 -5.16122e-05 7.95482e-06 8.9573e-06 2.39503e+08 436.074 3042.65 967.317 -781.989 -873.624 2.39501e+08 -7.98354e+07 2.39503e+08
200 0.2 0.002 -0.000737694 -0.000828763 -6.13273e-05 9.69637e-06 1.4997e-05 2.41575e+08 452.369 3045.22 990.856 -776.016 -879.113 2.41573e+08 -8.05262e+07 2.41575e+08
210 0.21 0.0021 -0.000780816 -0.000882089 -7.1614e-05 1.12522e-05 2.12355e-05 2.43273e+08 463.943 3048.87 1007.98 -771.651 -882.544 2.43271e+08 -8.1092e+07 2.43273e+08
220 0.22 0.0022 -0.000824154 -0.000935606 -8.23192e-05 1.26288e-05 2.75014e-05 2.44722e+08 473.057 3052.14 1019.38 -769.265 -885.034 2.4472e+08 -8.15751e+07 2.44722e+08
230 0.23 0.0023 -0.000867667 -0.00098922 -9.33255e-05 1.3837e-05 3.36914e-05 2.45999e+08 480.8 3054.43 1025.98 -768.596 -887.198 2.45997e+08 -8.20008e+07 2.45999e+08
240 0.24 0.0024 -0.00091133 -0.00104288 -0.000104545 1.48897e-05 3.97472e-05 2.47151e+08 487.602 3055.64 1028.79 -769.371 -889.206 2.47149e+08 -8.23848e+07 2.47151e+08
250 0.25 0.0025 -0.000955124 -0.00109654 -0.000115913 1.57997e-05 4.56396e-05 2.48207e+08 493.569 3055.95 1028.76 -771.226 -891.11 2.48206e+08 -8.2737e+07 2.48207e+08
260 0.26 0.0026 -0.000999036 -0.00115018 -0.000127383 1.65781e-05 5.13571e-05 2.49188e+08 498.709 3055.6 1026.72 -773.825 -892.898 2.49186e+08 -8.30639e+07 2.49188e+08
270 0.27 0.0027 -0.00104305 -0.00120381 -0.000138923 1.72347e-05 5.68993e-05 2.50107e+08 503.026 3054.8 1023.32 -776.883 -894.549 2.50106e+08 -8.33703e+07 2.50107e+08
280 0.28 0.0028 -0.00108717 -0.00125739 -0.00015051 1.77781e-05 6.2272e-05 2.50975e+08 506.553 3053.72 1019.05 -780.176 -896.042 2.50974e+08 -8.36597e+07 2.50975e+08
290 0.29 0.0029 -0.00113137 -0.00131094 -0.000162126 1.82157e-05 6.74841e-05 2.518e+08 509.352 3052.47 1014.27 -783.541 -897.363 2.51798e+08 -8.39346e+07 2.518e+08
300 0.3 0.003 -0.00117565 -0.00136444 -0.000173761 1.85544e-05 7.2546e-05 2.52588e+08 511.502 3051.13 1009.23 -786.86 -898.506 2.52586e+08 -8.41972e+07 2.52588e+08
310 0.31 0.0031 -0.00122 -0.00141789 -0.000185406 1.88006e-05 7.74686e-05 2.53344e+08 513.086 3049.73 1004.09 -790.058 -899.472 2.53342e+08 -8.44493e+07 2.53344e+08
320 0.32 0.0032 -0.00126442 -0.0014713 -0.000197052 1.89605e-05 8.2262e-05 2.54073e+08 514.185 3048.31 998.974 -793.089 -900.264 2.54071e+08 -8.46922e+07 2.54073e+08
330 0.33 0.0033 -0.00130889 -0.00152466 -0.000208696 1.904e-05 8.69356e-05 2.54778e+08 514.872 3046.87 993.94 -795.93 -900.888 2.54776e+08 -8.49271e+07 2.54778e+08
340 0.34 0.0034 -0.00135343 -0.00157797 -0.000220331 1.90451e-05 9.14978e-05 2.55462e+08 515.21 3045.43 989.033 -798.574 -901.352 2.5546e+08 -8.51551e+07 2.55462e+08
350 0.35 0.0035 -0.00139801 -0.00163124 -0.000231954 1.89816e-05 9.59559e-05 2.56128e+08 515.255 3043.99 984.274 -801.024 -901.667 2.56126e+08 -8.5377e+07 2.56128e+08
360 0.36 0.0036 -0.00144264 -0.00168445 -0.000243561 1.88551e-05 0.000100316 2.56777e+08 515.054 3042.55 979.674 -803.292 -901.843 2.56775e+08 -8.55935e+07 2.56777e+08
370 0.37 0.0037 -0.00148732 -0.00173761 -0.000255149 1.86714e-05 0.000104584 2.57412e+08 514.649 3041.12 975.234 -805.391 -901.892 2.5741e+08 -8.58052e+07 2.57412e+08
380 0.38 0.0038 -0.00153204 -0.00179073 -0.000266714 1.84358e-05 0.000108765 2.58034e+08 514.075 3039.7 970.953 -807.338 -901.825 2.58032e+08 -8.60126e+07 2.58034e+08
390 0.39 0.0039 -0.0015768 -0.0018438 -0.000278255 1.81538e-05 0.000112862 2.58645e+08 513.362 3038.28 966.826 -809.148 -901.655 2.58643e+08 -8.62162e+07 2.58645e+08
400 0.4 0.004 -0.0016216 -0.00189681 -0.000289767 1.78303e-05 0.000116879 2.59245e+08 512.536 3036.88 962.846 -810.839 -901.392 2.59244e+08 -8.64163e+07 2.59245e+08
410 0.41 0.0041 -0.00166643 -0.00194978 -0.000301251 1.74703e-05 0.000120818 2.59837e+08 511.622 3035.48 959.005 -812.424 -901.049 2.59835e+08 -8.66134e+07 2.59837e+08
420 0.42 0.0042 -0.00171129 -0.00200271 -0.000312702 1.70784e-05 0.000124684 2.60419e+08 510.639 3034.09 955.298 -813.917 -900.635 2.60418e+08 -8.68076e+07 2.60419e+08
430 0.43 0.0043 -0.00175619 -0.00205558 -0.000324119 1.6659e-05 0.000128477 2.60994e+08 509.605 3032.72 951.717 -815.33 -900.16 2.60992e+08 -8.69993e+07 2.60994e+08
440 0.44 0.0044 -0.00180111 -0.00210841 -0.000335501 1.62161e-05 0.0001322 2.61562e+08 508.535 3031.37 948.257 -816.674 -899.632 2.6156e+08 -8.71886e+07 2.61562e+08
450 0.45 0.0045 -0.00184607 -0.00216119 -0.000346846 1.57537e-05 0.000135856 2.62124e+08 507.442 3030.02 944.91 -817.958 -899.061 2.62122e+08 -8.73757e+07 2.62124e+08
460 0.46 0.0046 -0.00189105 -0.00221393 -0.000358152 1.52754e-05 0.000139445 2.62679e+08 506.337 3028.7 941.673 -819.189 -898.452 2.62677e+08 -8.75609e+07 2.62679e+08
470 0.47 0.0047 -0.00193606 -0.00226662 -0.000369419 1.47843e-05 0.000142971 2.63229e+08 505.232 3027.4 938.539 -820.375 -897.812 2.63227e+08 -8.77443e+07 2.63229e+08
480 0.48 0.0048 -0.00198109 -0.00231927 -0.000380644 1.42837e-05 0.000146433 2.63774e+08 504.133 3026.12 935.506 -821.52 -897.148 2.63772e+08 -8.79259e+07 2.63774e+08
490 0.49 0.0049 -0.00202614 -0.00237187 -0.000391828 1.37763e-05 0.000149835 2.64314e+08 503.049 3024.86 932.569 -822.63 -896.463 2.64313e+08 -8.81059e+07 2.64314e+08
500 0.5 0.005 -0.00207122 -0.00242442 -0.00040297 1.32646e-05 0.000153177 2.6485e+08 501.985 3023.63 929.724 -823.707 -895.763 2.64848e+08 -8.82845e+07 2.6485e+08
510 0.51 0.0051 -0.00211632 -0.00247694 -0.000414068 1.27512e-05 0.000156461 2.65382e+08 500.947 3022.42 926.969 -824.755 -895.05 2.6538e+08 -8.84617e+07 2.65382e+08
520 0.52 0.0052 -0.00216144 -0.00252941 -0.000425122 1.2238e-05 0.000159689 2.65909e+08 499.939 3021.24 924.299 -825.776 -894.328 2.65908e+08 -8.86376e+07 2.65909e+08
530 0.53 0.0053 -0.00220658 -0.00258184 -0.000436131 1.17269e-05 0.000162861 2.66433e+08 498.964 3020.1 921.714 -826.772 -893.6 2.66432e+08 -8.88123e+07 2.66433e+08
540 0.54 0.0054 -0.00225173 -0.00263423 -0.000447095 1.12199e-05 0.00016598 2.66954e+08 498.026 3018.98 919.209 -827.745 -892.869 2.66952e+08 -8.89858e+07 2.66954e+08
550 0.55 0.0055 -0.00229691 -0.00268657 -0.000458013 1.07183e-05 0.000169047 2.67471e+08 497.127 3017.89 916.783 -828.696 -892.135 2.67469e+08 -8.91582e+07 2.67471e+08
560 0.56 0.0056 -0.0023421 -0.00273888 -0.000468886 1.02236e-05 0.000172063 2.67985e+08 496.268 3016.84 914.432 -829.625 -891.401 2.67984e+08 -8.93296e+07 2.67985e+08
570 0.57 0.0057 -0.0023873 -0.00279115 -0.000479713 9.73702e-06 0.00017503 2.68497e+08 495.452 3015.82 912.156 -830.534 -890.668 2.68495e+08 -8.95e+07 2.68497e+08
580 0.58 0.0058 -0.00243253 -0.00284337 -0.000490494 9.25965e-06 0.000177948 2.69005e+08 494.679 3014.84 909.951 -831.423 -889.937 2.69003e+08 -8.96695e+07 2.69005e+08
590 0.59 0.0059 -0.00247776 -0.00289556 -0.000501228 8.79245e-06 0.00018082 2.69511e+08 493.95 3013.89 907.815 -832.293 -889.209 2.69509e+08 -8.98381e+07 2.69511e+08
600 0.6 0.006 -0.00252301 -0.00294771 -0.000511916 8.33628e-06 0.000183646 2.70014e+08 493.266 3012.98 905.747 -833.144 -888.485 2.70012e+08 -9.00058e+07 2.70014e+08
610 0.61 0.0061 -0.00256827 -0.00299982 -0.000522557 7.89185e-06 0.000186428 2.70515e+08 492.627 3012.1 903.744 -833.976 -887.764 2.70513e+08 -9.01728e+07 2.70515e+08
620 0.62 0.0062 -0.00261355 -0.0030519 -0.000533152 7.45981e-06 0.000189167 2.71013e+08 492.032 3011.27 901.804 -834.789 -887.048 2.71012e+08 -9.0339e+07 2.71013e+08
630 0.63 0.0063 -0.00265884 -0.00310394 -0.000543701 7.04071e-06 0.000191864 2.7151e+08 491.483 3010.47 899.925 -835.584 -886.338 2.71508e+08 -9.05044e+07 2.7151e+08
640 0.64 0.0064 -0.00270413 -0.00315594 -0.000554203 6.63498e-06 0.000194521 2.72004e+08 490.979 3009.71 898.105 -836.361 -885.632 2.72002e+08 -9.06691e+07 2.72004e+08
650 0.65 0.0065 -0.00274944 -0.00320791 -0.00056466 6.24304e-06 0.000197138 2.72496e+08 490.519 3008.98 896.342 -837.12 -884.931 2.72494e+08 -9.08332e+07 2.72496e+08
660 0.66 0.0066 -0.00279476 -0.00325984 -0.00057507 5.86519e-06 0.000199718 2.72986e+08 490.104 3008.3 894.635 -837.862 -884.236 2.72984e+08 -9.09965e+07 2.72986e+08
670 0.67 0.0067 -0.00284008 -0.00331174 -0.000585435 5.50169e-06 0.00020226 2.73474e+08 489.732 3007.65 892.981 -838.586 -883.545 2.73473e+08 -9.11593e+07 2.73474e+08
680 0.68 0.0068 -0.00288542 -0.0033636 -0.000595754 5.15274e-06 0.000204767 2.73961e+08 489.404 3007.04 891.378 -839.293 -882.86 2.73959e+08 -9.13214e+07 2.73961e+08
690 0.69 0.0069 -0.00293076 -0.00341543 -0.000606028 4.8185e-06 0.000207239 2.74445e+08 489.118 3006.47 889.825 -839.982 -882.18 2.74444e+08 -9.1483e+07 2.74445e+08
700 0.7 0.007 -0.00297611 -0.00346723 -0.000616257 4.49908e-06 0.000209677 2.74928e+08 488.875 3005.94 888.319 -840.655 -881.505 2.74927e+08 -9.16439e+07 2.74928e+08
710 0.71 0.0071 -0.00302146 -0.00351899 -0.000626441 4.19455e-06 0.000212083 2.7541e+08 488.674 3005.45 886.86 -841.311 -880.834 2.75408e+08 -9.18044e+07 2.7541e+08
720 0.72 0.0072 -0.00306682 -0.00357072 -0.00063658 3.90494e-06 0.000214457 2.75889e+08 488.513 3004.99 885.445 -841.951 -880.169 2.75888e+08 -9.19643e+07 2.75889e+08
730 0.73 0.0073 -0.00311219 -0.00362242 -0.000646676 3.63025e-06 0.0002168 2.76367e+08 488.393 3004.57 884.072 -842.575 -879.508 2.76366e+08 -9.21236e+07 2.76367e+08
740 0.74 0.0074 -0.00315756 -0.00367409 -0.000656728 3.37048e-06 0.000219114 2.76844e+08 488.313 3004.19 882.74 -843.183 -878.851 2.76842e+08 -9.22825e+07 2.76844e+08
750 0.75 0.0075 -0.00320294 -0.00372573 -0.000666736 3.12555e-06 0.000221399 2.77319e+08 488.273 3003.85 881.448 -843.775 -878.198 2.77318e+08 -9.24409e+07 2.77319e+08
760 0.76 0.0076 -0.00324832 -0.00377733 -0.0006767 2.89541e-06 0.000223656 2.77793e+08 488.271 3003.54 880.193 -844.351 -877.549 2.77791e+08 -9.25988e+07 2.77793e+08
770 0.77 0.0077 -0.00329371 -0.00382891 -0.000686622 2.67996e-06 0.000225886 2.78265e+08 488.307 3003.27 878.974 -844.912 -876.904 2.78264e+08 -9.27563e+07 2.78265e+08
780 0.78 0.0078 -0.0033391 -0.00388046 -0.000696502 2.4791e-06 0.00022809 2.78736e+08 488.381 3003.04 877.79 -845.459 -876.263 2.78735e+08 -9.29133e+07 2.78736e+08
790 0.79 0.0079 -0.00338449 -0.00393197 -0.000706339 2.29271e-06 0.000230269 2.79206e+08 488.492 3002.84 876.64 -845.991 -875.625 2.79204e+08 -9.30699e+07 2.79206e+08
800 0.8 0.008 -0.00342988 -0.00398346 -0.000716134 2.12065e-06 0.000232424 2.79675e+08 488.639 3002.68 875.521 -846.508 -874.991 2.79673e+08 -9.3226e+07 2.79675e+08
810 0.81 0.0081 -0.00347528 -0.00403492 -0.000725888 1.96278e-06 0.000234555 2.80142e+08 488.823 3002.55 874.433 -847.012 -874.36 2.8014e+08 -9.33817e+07 2.80142e+08
820 0.82 0.0082 -0.00352068 -0.00408635 -0.0007356 1.81894e-06 0.000236663 2.80608e+08 489.042 3002.46 873.374 -847.501 -873.732 2.80606e+08 -9.35371e+07 2.80608e+08
830 0.83 0.0083 -0.00356608 -0.00413776 -0.000745272 1.68896e-06 0.000238749 2.81072e+08 489.296 3002.4 872.344 -847.977 -873.106 2.81071e+08 -9.3692e+07 2.81072e+08
840 0.84 0.0084 -0.00361148 -0.00418913 -0.000754903 1.57269e-06 0.000240813 2.81536e+08 489.585 3002.38 871.341 -848.44 -872.484 2.81534e+08 -9.38465e+07 2.81536e+08
850 0.85 0.0085 -0.00365688 -0.00424048 -0.000764495 1.46994e-06 0.000242857 2.81999e+08 489.908 3002.39 870.363 -848.89 -871.864 2.81997e+08 -9.40007e+07 2.81999e+08
860 0.86 0.0086 -0.00370228 -0.0042918 -0.000774046 1.38053e-06 0.000244881 2.8246e+08 490.265 3002.43 869.411 -849.328 -871.247 2.82458e+08 -9.41545e+07 2.8246e+08
870 0.87 0.0087 -0.00374768 -0.00434309 -0.000783558 1.30427e-06 0.000246886 2.8292e+08 490.655 3002.51 868.482 -849.753 -870.632 2.82918e+08 -9.43079e+07 2.8292e+08
880 0.88 0.0088 -0.00379309 -0.00439436 -0.000793032 1.24098e-06 0.000248872 2.83379e+08 491.079 3002.62 867.576 -850.166 -870.02 2.83378e+08 -9.4461e+07 2.83379e+08
890 0.89 0.0089 -0.00383849 -0.0044456 -0.000802466 1.19047e-06 0.000250839 2.83838e+08 491.535 3002.77 866.692 -850.567 -869.41 2.83836e+08 -9.46137e+07 2.83838e+08
900 0.9 0.009 -0.00388389 -0.00449682 -0.000811862 1.15254e-06 0.00025279 2.84295e+08 492.024 3002.95 865.829 -850.957 -868.802 2.84293e+08 -9.4766e+07 2.84295e+08
910 0.91 0.0091 -0.00392929 -0.00454801 -0.000821221 1.127e-06 0.000254723 2.84751e+08 492.545 3003.16 864.986 -851.335 -868.197 2.84749e+08 -9.49181e+07 2.84751e+08
920 0.92 0.0092 -0.00397468 -0.00459917 -0.000830541 1.11365e-06 0.00025664 2.85206e+08 493.098 3003.4 864.163 -851.703 -867.593 2.85204e+08 -9.50698e+07 2.85206e+08
930 0.93 0.0093 -0.00402008 -0.00465031 -0.000839825 1.1123e-06 0.000258542 2.8566e+08 493.682 3003.68 863.358 -852.059 -866.992 2.85658e+08 -9.52212e+07 2.8566e+08
940 0.94 0.0094 -0.00406547 -0.00470142 -0.000849072 1.12276e-06 0.000260428 2.86113e+08 494.297 3003.98 862.571 -852.406 -866.392 2.86111e+08 -9.53722e+07 2.86113e+08
950 0.95 0.0095 -0.00411086 -0.00475251 -0.000858282 1.14481e-06 0.000262299 2.86565e+08 494.944 3004.32 861.8 -852.742 -865.795 2.86564e+08 -9.5523e+07 2.86565e+08
960 0.96 0.0096 -0.00415625 -0.00480358 -0.000867456 1.17828e-06 0.000264156 2.87017e+08 495.621 3004.69 861.046 -853.068 -865.199 2.87015e+08 -9.56734e+07 2.87017e+08
970 0.97 0.0097 -0.00420164 -0.00485462 -0.000876594 1.22297e-06 0.000266 2.87467e+08 496.329 3005.09 860.308 -853.385 -864.605 2.87465e+08 -9.58235e+07 2.87467e+08
980 0.98 0.0098 -0.00424702 -0.00490564 -0.000885696 1.27868e-06 0.00026783 2.87917e+08 497.067 3005.52 859.585 -853.692 -864.013 2.87915e+08 -9.59734e+07 2.87917e+08
990 0.99 0.0099 -0.0042924 -0.00495663 -0.000894764 1.34523e-06 0.000269647 2.88365e+08 497.836 3005.98 858.876 -853.99 -863.423 2.88363e+08 -9.61229e+07 2.88365e+08
1000 1 0.01 -0.00433778 -0.0050076 -0.000903796 1.42241e-06 0.000271452 2.88813e+08 498.634 3006.48 858.181 -854.279 -862.834 2.88811e+08 -9.62722e+07 2.88813e+08
1010 1.01 0.0101 -0.00438315 -0.00505855 -0.000912795 1.51006e-06 0.000273244 2.8926e+08 499.462 3007 857.5 -854.56 -862.248 2.89258e+08 -9.64211e+07 2.8926e+08
1020 1.02 0.0102 -0.00442852 -0.00510947 -0.000921759 1.60796e-06 0.000275026 2.89706e+08 500.32 3007.55 856.831 -854.831 -861.663 2.89704e+08 -9.65698e+07 2.89706e+08
1030 1.03 0.0103 -0.00447388 -0.00516037 -0.000930689 1.71595e-06 0.000276796 2.90151e+08 501.208 3008.13 856.174 -855.095 -861.079 2.90149e+08 -9.67182e+07 2.90151e+08
1040 1.04 0.0104 -0.00451924 -0.00521125 -0.000939585 1.83385e-06 0.000278555 2.90595e+08 502.125 3008.74 855.53 -855.351 -860.498 2.90594e+08 -9.68663e+07 2.90595e+08
1050 1.05 0.0105 -0.00456459 -0.00526211 -0.000948449 1.96146e-06 0.000280304 2.91039e+08 503.071 3009.39 854.897 -855.598 -859.918 2.91037e+08 -9.70141e+07 2.91039e+08
1060 1.06 0.0106 -0.00460994 -0.00531294 -0.000957279 2.09861e-06 0.000282043 2.91482e+08 504.046 3010.06 854.274 -855.838 -859.339 2.9148e+08 -9.71617e+07 2.91482e+08
1070 1.07 0.0107 -0.00465529 -0.00536376 -0.000966077 2.24512e-06 0.000283772 2.91924e+08 505.05 3010.76 853.662 -856.071 -858.763 2.91922e+08 -9.7309e+07 2.91924e+08
1080 1.08 0.0108 -0.00470063 -0.00541455 -0.000974843 2.40083e-06 0.000285492 2.92365e+08 506.083 3011.48 853.061 -856.296 -858.188 2.92363e+08 -9.74561e+07 2.92365e+08
1090 1.09 0.0109 -0.00474596 -0.00546532 -0.000983577 2.56556e-06 0.000287202 2.92805e+08 507.145 3012.24 852.468 -856.514 -857.615 2.92803e+08 -9.76029e+07 2.92805e+08
1100 1.1 0.011 -0.00479129 -0.00551606 -0.000992279 2.73914e-06 0.000288904 2.93245e+08 508.236 3013.03 851.886 -856.726 -857.043 2.93243e+08 -9.77494e+07 2.93245e+08
1110 1.11 0.0111 -0.00483661 -0.00556679 -0.00100095 2.9214e-06 0.000290598 2.93684e+08 509.355 3013.84 851.312 -856.931 -856.473 2.93682e+08 -9.78957e+07 2.93684e+08
1120 1.12 0.0112 -0.00488193 -0.00561749 -0.00100959 3.11219e-06 0.000292283 2.94122e+08 510.503 3014.69 850.747 -857.129 -855.905 2.9412e+08 -9.80417e+07 2.94122e+08
1130 1.13 0.0113 -0.00492724 -0.00566818 -0.0010182 3.31133e-06 0.000293961 2.94559e+08 511.679 3015.56 850.19 -857.32 -855.338 2.94557e+08 -9.81875e+07 2.94559e+08
1140 1.14 0.0114 -0.00497255 -0.00571884 -0.00102678 3.51867e-06 0.000295631 2.94996e+08 512.883 3016.46 849.642 -857.506 -854.773 2.94994e+08 -9.83331e+07 2.94996e+08
1150 1.15 0.0115 -0.00501784 -0.00576949 -0.00103533 3.73406e-06 0.000297294 2.95432e+08 514.116 3017.39 849.101 -857.685 -854.209 2.9543e+08 -9.84784e+07 2.95432e+08
1160 1.16 0.0116 -0.00506314 -0.00582011 -0.00104384 3.95734e-06 0.00029895 2.95867e+08 515.377 3018.34 848.567 -857.859 -853.648 2.95865e+08 -9.86234e+07 2.95867e+08
1170 1.17 0.0117 -0.00510842 -0.00587071 -0.00105233 4.18835e-06 0.000300599 2.96301e+08 516.666 3019.33 848.041 -858.027 -853.087 2.96299e+08 -9.87682e+07 2.96301e+08
1180 1.18 0.0118 -0.0051537 -0.00592129 -0.00106079 4.42695e-06 0.000302242 2.96735e+08 517.983 3020.34 847.522 -858.189 -852.529 2.96733e+08 -9.89128e+07 2.96735e+08
1190 1.19 0.0119 -0.00519897 -0.00597185 -0.00106922 4.673e-06 0.000303879 2.97168e+08 519.327 3021.38 847.01 -858.346 -851.972 2.97166e+08 -9.90572e+07 2.97168e+08
1200 1.2 0.012 -0.00524424 -0.0060224 -0.00107762 4.92634e-06 0.000305509 2.976e+08 520.7 3022.44 846.504 -858.498 -851.417 2.97599e+08 -9.92013e+07 2.976e+08
1210 1.21 0.0121 -0.00528949 -0.00607292 -0.001086 5.18684e-06 0.000307134 2.98032e+08 522.101 3023.54 846.004 -858.644 -850.864 2.9803e+08 -9.93452e+07 2.98032e+08
1220 1.22 0.0122 -0.00533474 -0.00612342 -0.00109434 5.45436e-06 0.000308753 2.98463e+08 523.53 3024.66 845.511 -858.785 -850.312 2.98461e+08 -9.94888e+07 2.98463e+08
1230 1.23 0.0123 -0.00537998 -0.0061739 -0.00110266 5.72876e-06 0.000310367 2.98893e+08 524.986 3025.81 845.023 -858.922 -849.762 2.98892e+08 -9.96323e+07 2.98893e+08
1240 1.24 0.0124 -0.00542522 -0.00622437 -0.00111095 6.0099e-06 0.000311976 2.99323e+08 526.47 3026.98 844.541 -859.053 -849.214 2.99321e+08 -9.97755e+07 2.99323e+08
1250 1.25 0.0125 -0.00547044 -0.00627481 -0.00111921 6.29765e-06 0.000313579 2.99752e+08 527.982 3028.18 844.064 -859.18 -848.667 2.9975e+08 -9.99185e+07 2.99752e+08
1260 1.26 0.0126 -0.00551566 -0.00632524 -0.00112744 6.59188e-06 0.000315178 3.0018e+08 529.521 3029.41 843.593 -859.302 -848.122 3.00178e+08 -1.00061e+08 3.0018e+08
1270 1.27 0.0127 -0.00556087 -0.00637565 -0.00113565 6.89247e-06 0.000316773 3.00608e+08 531.088 3030.67 843.127 -859.42 -847.579 3.00606e+08 -1.00204e+08 3.00608e+08
1280 1.28 0.0128 -0.00560607 -0.00642603 -0.00114383 7.19929e-06 0.000318363 3.01035e+08 532.682 3031.95 842.666 -859.534 -847.037 3.01033e+08 -1.00346e+08 3.01035e+08
1290 1.29 0.0129 -0.00565127 -0.0064764 -0.00115198 7.51221e-06 0.000319949 3.01461e+08 534.304 3033.26 842.21 -859.643 -846.497 3.0146e+08 -1.00488e+08 3.01461e+08
1300 1.3 0.013 -0.00569645 -0.00652675 -0.00116011 7.83111e-06 0.000321531 3.01887e+08 535.954 3034.6 841.759 -859.748 -845.959 3.01885e+08 -1.0063e+08 3.01887e+08
1310 1.31 0.0131 -0.00574163 -0.00657709 -0.00116821 8.15588e-06 0.00032311 3.02312e+08 537.631 3035.96 841.312 -859.85 -845.423 3.0231e+08 -1.00772e+08 3.02312e+08
1320 1.32 0.0132 -0.0057868 -0.0066274 -0.00117629 8.4864e-06 0.000324684 3.02737e+08 539.335 3037.35 840.87 -859.947 -844.889 3.02735e+08 -1.00913e+08 3.02737e+08
1330 1.33 0.0133 -0.00583196 -0.0066777 -0.00118434 8.82254e-06 0.000326256 3.03161e+08 541.066 3038.76 840.432 -860.04 -844.356 3.03159e+08 -1.01055e+08 3.03161e+08
1340 1.34 0.0134 -0.00587711 -0.00672797 -0.00119236 9.1642e-06 0.000327824 3.03584e+08 542.825 3040.2 839.998 -860.13 -843.825 3.03582e+08 -1.01196e+08 3.03584e+08
1350 1.35 0.0135 -0.00592225 -0.00677823 -0.00120036 9.51127e-06 0.000329388 3.04006e+08 544.612 3041.67 839.569 -860.216 -843.295 3.04005e+08 -1.01337e+08 3.04006e+08
1360 1.36 0.0136 -0.00596739 -0.00682848 -0.00120833 9.86364e-06 0.00033095 3.04429e+08 546.425 3043.17 839.143 -860.299 -842.768 3.04427e+08 -1.01477e+08 3.04429e+08
1370 1.37 0.0137 -0.00601251 -0.0068787 -0.00121628 1.02212e-05 0.000332509 3.0485e+08 548.266 3044.69 838.721 -860.378 -842.242 3.04848e+08 -1.01618e+08 3.0485e+08
1380 1.38 0.0138 -0.00605762 -0.00692891 -0.00122421 1.05838e-05 0.000334065 3.05271e+08 550.134 3046.23 838.303 -860.453 -841.718 3.05269e+08 -1.01758e+08 3.05271e+08
1390 1.39 0.0139 -0.00610273 -0.0069791 -0.00123211 1.09515e-05 0.000335618 3.05691e+08 552.029 3047.8 837.889 -860.526 -841.196 3.05689e+08 -1.01898e+08 3.05691e+08
1400 1.4 0.014 -0.00614782 -0.00702927 -0.00123998 1.1324e-05 0.000337169 3.06111e+08 553.951 3049.4 837.478 -860.595 -840.675 3.06109e+08 -1.02038e+08 3.06111e+08
1410 1.41 0.0141 -0.00619291 -0.00707942 -0.00124784 1.17012e-05 0.000338718 3.0653e+08 555.9 3051.03 837.071 -860.661 -840.157 3.06528e+08 -1.02178e+08 3.0653e+08
1420 1.42 0.0142 -0.00623799 -0.00712956 -0.00125566 1.20832e-05 0.000340265 3.06948e+08 557.877 3052.68 836.668 -860.724 -839.64 3.06946e+08 -1.02317e+08 3.06948e+08
1430 1.43 0.0143 -0.00628306 -0.00717968 -0.00126347 1.24697e-05 0.000341809 3.07366e+08 559.88 3054.35 836.267 -860.783 -839.125 3.07364e+08 -1.02457e+08 3.07366e+08
1440 1.44 0.0144 -0.00632811 -0.00722978 -0.00127125 1.28607e-05 0.000343352 3.07783e+08 561.911 3056.05 835.87 -860.84 -838.611 3.07782e+08 -1.02596e+08 3.07783e+08
1450 1.45 0.0145 -0.00637316 -0.00727986 -0.00127901 1.32562e-05 0.000344893 3.082e+08 563.968 3057.78 835.476 -860.894 -838.1 3.08198e+08 -1.02735e+08 3.082e+08
1460 1.46 0.0146 -0.0064182 -0.00732993 -0.00128675 1.36559e-05 0.000346432 3.08616e+08 566.052 3059.53 835.086 -860.945 -837.59 3.08614e+08 -1.02873e+08 3.08616e+08
1470 1.47 0.0147 -0.00646323 -0.00737998 -0.00129446 1.40598e-05 0.000347969 3.09032e+08 568.164 3061.31 834.698 -860.994 -837.082 3.0903e+08 -1.03012e+08 3.09032e+08
1480 1.48 0.0148 -0.00650825 -0.00743002 -0.00130215 1.44678e-05 0.000349505 3.09447e+08 570.302 3063.12 834.313 -861.04 -836.576 3.09445e+08 -1.0315e+08 3.09447e+08
1490 1.49 0.0149 -0.00655325 -0.00748003 -0.00130982 1.48799e-05 0.00035104 3.09861e+08 572.467 3064.95 833.932 -861.083 -836.071 3.0986e+08 -1.03288e+08 3.09861e+08
1500 1.5 0.015 -0.00659825 -0.00753003 -0.00131747 1.5296e-05 0.000352573 3.10275e+08 574.659 3066.8 833.553 -861.123 -835.568 3.10273e+08 -1.03426e+08 3.10275e+08
1510 1.51 0.0151 -0.00664324 -0.00758002 -0.00132509 1.57158e-05 0.000354105 3.10689e+08 576.878 3068.68 833.177 -861.161 -835.067 3.10687e+08 -1.03564e+08 3.10689e+08
1520 1.52 0.0152 -0.00668822 -0.00762999 -0.00133269 1.61395e-05 0.000355636 3.11101e+08 579.124 3070.59 832.804 -861.197 -834.568 3.111e+08 -1.03702e+08 3.11101e+08
1530 1.53 0.0153 -0.00673318 -0.00767994 -0.00134027 1.65669e-05 0.000357166 3.11514e+08 581.397 3072.52 832.433 -861.23 -834.071 3.11512e+08 -1.03839e+08 3.11514e+08
1540 1.54 0.0154 -0.00677814 -0.00772987 -0.00134783 1.69979e-05 0.000358696 3.11925e+08 583.696 3074.47 832.066 -861.261 -833.575 3.11924e+08 -1.03976e+08 3.11925e+08
1550 1.55 0.0155 -0.00682309 -0.00777979 -0.00135537 1.74324e-05 0.000360224 3.12337e+08 586.022 3076.46 831.701 -861.289 -833.081 3.12335e+08 -1.04113e+08 3.12337e+08
1560 1.56 0.0156 -0.00686802 -0.00782969 -0.00136289 1.78704e-05 0.000361752 3.12747e+08 588.374 3078.46 831.338 -861.316 -832.589 3.12745e+08 -1.0425e+08 3.12747e+08
1570 1.57 0.0157 -0.00691295 -0.00787958 -0.00137039 1.83118e-05 0.000363279 3.13157e+08 590.753 3080.49 830.978 -861.34 -832.099 3.13155e+08 -1.04387e+08 3.13157e+08
1580 1.58 0.0158 -0.00695786 -0.00792945 -0.00137786 1.87565e-05 0.000364806 3.13567e+08 593.16 3082.55 830.621 -861.362 -831.61 3.13565e+08 -1.04524e+08 3.13567e+08
1590 1.59 0.0159 -0.00700276 -0.0079793 -0.00138532 1.92044e-05 0.000366332 3.13976e+08 595.592 3084.63 830.266 -861.382 -831.124 3.13974e+08 -1.0466e+08 3.13976e+08
1600 1.6 0.016 -0.00704766 -0.00802914 -0.00139275 1.96555e-05 0.000367858 3.14384e+08 598.051 3086.74 829.913 -861.399 -830.639 3.14383e+08 -1.04796e+08 3.14384e+08
1610 1.61 0.0161 -0.00709254 -0.00807896 -0.00140016 2.01096e-05 0.000369384 3.14792e+08 600.537 3088.87 829.563 -861.415 -830.155 3.14791e+08 -1.04932e+08 3.14792e+08
1620 1.62 0.0162 -0.00713741 -0.00812877 -0.00140756 2.05668e-05 0.000370909 3.152e+08 603.049 3091.03 829.215 -861.429 -829.674 3.15198e+08 -1.05068e+08 3.152e+08
1630 1.63 0.0163 -0.00718227 -0.00817856 -0.00141493 2.1027e-05 0.000372435 3.15607e+08 605.588 3093.21 828.87 -861.441 -829.194 3.15605e+08 -1.05203e+08 3.15607e+08
1640 1.64 0.0164 -0.00722712 -0.00822834 -0.00142229 2.149e-05 0.00037396 3.16013e+08 608.153 3095.42 828.527 -861.45 -828.715 3.16011e+08 -1.05339e+08 3.16013e+08
1650 1.65 0.0165 -0.00727195 -0.00827809 -0.00142962 2.19559e-05 0.000375485 3.16419e+08 610.746 3097.65 828.186 -861.458 -828.239 3.16417e+08 -1.05474e+08 3.16419e+08
1660 1.66 0.0166 -0.00731678 -0.00832784 -0.00143694 2.24245e-05 0.000377011 3.16824e+08 613.363 3099.91 827.848 -861.465 -827.764 3.16823e+08 -1.05609e+08 3.16824e+08
1670 1.67 0.0167 -0.0073616 -0.00837757 -0.00144423 2.28957e-05 0.000378537 3.17229e+08 616.008 3102.19 827.511 -861.469 -827.291 3.17227e+08 -1.05744e+08 3.17229e+08
1680 1.68 0.0168 -0.0074064 -0.00842728 -0.00145151 2.33696e-05 0.000380063 3.17634e+08 618.679 3104.5 827.177 -861.472 -826.82 3.17632e+08 -1.05879e+08 3.17634e+08
1690 1.69 0.0169 -0.00745119 -0.00847698 -0.00145877 2.38461e-05 0.000381589 3.18038e+08 621.376 3106.83 826.845 -861.473 -826.35 3.18036e+08 -1.06014e+08 3.18038e+08
1700 1.7 0.017 -0.00749598 -0.00852666 -0.00146601 2.43251e-05 0.000383116 3.18441e+08 624.1 3109.19 826.515 -861.472 -825.882 3.18439e+08 -1.06148e+08 3.18441e+08
1710 1.71 0.0171 -0.00754075 -0.00857633 -0.00147323 2.48065e-05 0.000384643 3.18844e+08 626.85 3111.57 826.188 -861.47 -825.416 3.18842e+08 -1.06282e+08 3.18844e+08
1720 1.72 0.0172 -0.00758551 -0.00862598 -0.00148043 2.52903e-05 0.000386171 3.19246e+08 629.627 3113.97 825.862 -861.466 -824.951 3.19244e+08 -1.06417e+08 3.19246e+08
1730 1.73 0.0173 -0.00763025 -0.00867561 -0.00148761 2.57764e-05 0.000387699 3.19648e+08 632.429 3116.4 825.539 -861.461 -824.488 3.19646e+08 -1.06551e+08 3.19648e+08
1740 1.74 0.0174 -0.00767499 -0.00872523 -0.00149478 2.62647e-05 0.000389228 3.20049e+08 635.258 3118.86 825.217 -861.454 -824.027 3.20047e+08 -1.06684e+08 3.20049e+08
1750 1.75 0.0175 -0.00771971 -0.00877484 -0.00150193 2.67553e-05 0.000390757 3.2045e+08 638.113 3121.34 824.898 -861.445 -823.567 3.20448e+08 -1.06818e+08 3.2045e+08
1760 1.76 0.0176 -0.00776443 -0.00882443 -0.00150905 2.7248e-05 0.000392288 3.20851e+08 640.994 3123.84 824.581 -861.435 -823.109 3.20849e+08 -1.06951e+08 3.20851e+08
1770 1.77 0.0177 -0.00780913 -0.00887401 -0.00151617 2.77428e-05 0.000393819 3.2125e+08 643.901 3126.37 824.265 -861.424 -822.653 3.21249e+08 -1.07085e+08 3.2125e+08
1780 1.78 0.0178 -0.00785382 -0.00892357 -0.00152326 2.82396e-05 0.000395351 3.2165e+08 646.835 3128.93 823.952 -861.411 -822.198 3.21648e+08 -1.07218e+08 3.2165e+08
1790 1.79 0.0179 -0.0078985 -0.00897311 -0.00153033 2.87384e-05 0.000396884 3.22049e+08 649.794 3131.51 823.641 -861.396 -821.745 3.22047e+08 -1.07351e+08 3.22049e+08
1800 1.8 0.018 -0.00794316 -0.00902264 -0.00153739 2.92392e-05 0.000398418 3.22447e+08 652.78 3134.11 823.331 -861.381 -821.293 3.22445e+08 -1.07484e+08 3.22447e+08
1810 1.81 0.0181 -0.00798782 -0.00907216 -0.00154443 2.97418e-05 0.000399954 3.22845e+08 655.791 3136.73 823.024 -861.364 -820.843 3.22843e+08 -1.07616e+08 3.22845e+08
1820 1.82 0.0182 -0.00803246 -0.00912166 -0.00155146 3.02463e-05 0.00040149 3.23243e+08 658.828 3139.39 822.718 -861.346 -820.395 3.23241e+08 -1.07749e+08 3.23243e+08
1830 1.83 0.0183 -0.00807709 -0.00917115 -0.00155846 3.07525e-05 0.000403027 3.2364e+08 661.892 3142.06 822.415 -861.326 -819.948 3.23638e+08 -1.07881e+08 3.2364e+08
1840 1.84 0.0184 -0.00812171 -0.00922062 -0.00156545 3.12605e-05 0.000404566 3.24036e+08 664.981 3144.76 822.113 -861.305 -819.503 3.24034e+08 -1.08013e+08 3.24036e+08
1850 1.85 0.0185 -0.00816632 -0.00927008 -0.00157242 3.17702e-05 0.000406106 3.24432e+08 668.097 3147.49 821.814 -861.283 -819.059 3.2443e+08 -1.08145e+08 3.24432e+08
1860 1.86 0.0186 -0.00821092 -0.00931952 -0.00157938 3.22814e-05 0.000407647 3.24828e+08 671.238 3150.24 821.516 -861.26 -818.617 3.24826e+08 -1.08277e+08 3.24828e+08
1870 1.87 0.0187 -0.0082555 -0.00936895 -0.00158632 3.27943e-05 0.000409189 3.25223e+08 674.405 3153.01 821.22 -861.235 -818.177 3.25221e+08 -1.08409e+08 3.25223e+08
1880 1.88 0.0188 -0.00830007 -0.00941836 -0.00159324 3.33087e-05 0.000410733 3.25617e+08 677.598 3155.81 820.926 -861.21 -817.738 3.25616e+08 -1.0854e+08 3.25617e+08
1890 1.89 0.0189 -0.00834463 -0.00946776 -0.00160015 3.38246e-05 0.000412278 3.26012e+08 680.816 3158.63 820.634 -861.183 -817.3 3.2601e+08 -1.08672e+08 3.26012e+08
1900 1.9 0.019 -0.00838918 -0.00951715 -0.00160704 3.4342e-05 0.000413825 3.26405e+08 684.061 3161.48 820.344 -861.155 -816.864 3.26403e+08 -1.08803e+08 3.26405e+08
1910 1.91 0.0191 -0.00843372 -0.00956652 -0.00161391 3.48607e-05 0.000415373 3.26798e+08 687.331 3164.35 820.055 -861.126 -816.43 3.26797e+08 -1.08934e+08 3.26798e+08
1920 1.92 0.0192 -0.00847824 -0.00961587 -0.00162077 3.53808e-05 0.000416923 3.27191e+08 690.627 3167.24 819.769 -861.096 -815.997 3.27189e+08 -1.09065e+08 3.27191e+08
1930 1.93 0.0193 -0.00852275 -0.00966521 -0.00162761 3.59023e-05 0.000418475 3.27584e+08 693.948 3170.16 819.484 -861.065 -815.565 3.27582e+08 -1.09196e+08 3.27584e+08
1940 1.94 0.0194 -0.00856725 -0.00971454 -0.00163444 3.6425e-05 0.000420028 3.27975e+08 697.296 3173.1 819.201 -861.033 -815.135 3.27973e+08 -1.09326e+08 3.27975e+08
1950 1.95 0.0195 -0.00861174 -0.00976385 -0.00164125 3.69489e-05 0.000421583 3.28367e+08 700.669 3176.07 818.92 -861 -814.707 3.28365e+08 -1.09457e+08 3.28367e+08
1960 1.96 0.0196 -0.00865622 -0.00981315 -0.00164804 3.7474e-05 0.000423139 3.28758e+08 704.067 3179.06 818.641 -860.966 -814.28 3.28756e+08 -1.09587e+08 3.28758e+08
1970 1.97 0.0197 -0.00870068 -0.00986244 -0.00165482 3.80003e-05 0.000424698 3.29148e+08 707.491 3182.08 818.363 -860.931 -813.854 3.29146e+08 -1.09717e+08 3.29148e+08
1980 1.98 0.0198 -0.00874513 -0.00991171 -0.00166159 3.85277e-05 0.000426258 3.29538e+08 710.94 3185.12 818.088 -860.895 -813.43 3.29536e+08 -1.09847e+08 3.29538e+08
1990 1.99 0.0199 -0.00878957 -0.00996096 -0.00166834 3.90562e-05 0.00042782 3.29928e+08 714.415 3188.18 817.814 -860.858 -813.007 3.29926e+08 -1.09977e+08 3.29928e+08
2000 2 0.02 -0.008834 -0.0100102 -0.00167507 3.95857e-05 0.000429384 3.30317e+08 717.916 3191.27 817.542 -860.82 -812.586 3.30315e+08 -1.10107e+08 3.30317e+08
2010 2.01 0.0201 -0.00887841 -0.0100594 -0.00168179 4.01162e-05 0.00043095 3.30706e+08 721.441 3194.38 817.272 -860.781 -812.166 3.30704e+08 -1.10236e+08 3.30706e+08
2020 2.02 0.0202 -0.00892281 -0.0101086 -0.00168849 4.06476e-05 0.000432517 3.31094e+08 724.992 3197.52 817.003 -860.742 -811.748 3.31092e+08 -1.10366e+08 3.31094e+08
2030 2.03 0.0203 -0.0089672 -0.0101578 -0.00169518 4.118e-05 0.000434087 3.31482e+08 728.569 3200.68 816.737 -860.701 -811.331 3.3148e+08 -1.10495e+08 3.31482e+08
2040 2.04 0.0204 -0.00901158 -0.010207 -0.00170186 4.17132e-05 0.000435659 3.31869e+08 732.171 3203.87 816.472 -860.66 -810.915 3.31867e+08 -1.10624e+08 3.31869e+08
2050 2.05 0.0205 -0.00905595 -0.0102562 -0.00170851 4.22473e-05 0.000437233 3.32256e+08 735.798 3207.07 816.209 -860.618 -810.501 3.32254e+08 -1.10753e+08 3.32256e+08
2060 2.06 0.0206 -0.0091003 -0.0103054 -0.00171516 4.27822e-05 0.000438809 3.32642e+08 739.451 3210.31 815.948 -860.575 -810.088 3.3264e+08 -1.10882e+08 3.32642e+08
2070 2.07 0.0207 -0.00914464 -0.0103545 -0.00172179 4.33179e-05 0.000440387 3.33028e+08 743.129 3213.56 815.688 -860.531 -809.676 3.33026e+08 -1.11011e+08 3.33028e+08
2080 2.08 0.0208 -0.00918897 -0.0104036 -0.00172841 4.38544e-05 0.000441967 3.33414e+08 746.831 3216.84 815.431 -860.486 -809.266 3.33412e+08 -1.11139e+08 3.33414e+08
2090 2.09 0.0209 -0.00923328 -0.0104528 -0.00173501 4.43915e-05 0.000443549 3.33799e+08 750.56 3220.15 815.175 -860.441 -808.857 3.33797e+08 -1.11268e+08 3.33799e+08
2100 2.1 0.021 -0.00927759 -0.0105019 -0.0017416 4.49293e-05 0.000445134 3.34184e+08 754.313 3223.47 814.921 -860.395 -808.449 3.34182e+08 -1.11396e+08 3.34184e+08
2110 2.11 0.0211 -0.00932188 -0.0105509 -0.00174817 4.54678e-05 0.000446721 3.34568e+08 758.091 3226.83 814.668 -860.348 -808.043 3.34566e+08 -1.11524e+08 3.34568e+08
2120 2.12 0.0212 -0.00936616 -0.0106 -0.00175473 4.60069e-05 0.00044831 3.34952e+08 761.895 3230.2 814.418 -860.301 -807.638 3.3495e+08 -1.11652e+08 3.34952e+08
2130 2.13 0.0213 -0.00941042 -0.0106491 -0.00176127 4.65465e-05 0.000449902 3.35335e+08 765.723 3233.6 814.169 -860.253 -807.234 3.35333e+08 -1.1178e+08 3.35335e+08
2140 2.14 0.0214 -0.00945468 -0.0106981 -0.00176781 4.70867e-05 0.000451496 3.35718e+08 769.577 3237.02 813.922 -860.204 -806.832 3.35716e+08 -1.11907e+08 3.35718e+08
2150 2.15 0.0215 -0.00949892 -0.0107472 -0.00177432 4.76275e-05 0.000453092 3.361e+08 773.455 3240.47 813.676 -860.154 -806.431 3.36098e+08 -1.12035e+08 3.361e+08
2160 2.16 0.0216 -0.00954315 -0.0107962 -0.00178083 4.81687e-05 0.00045469 3.36483e+08 777.358 3243.94 813.433 -860.104 -806.031 3.36481e+08 -1.12162e+08 3.36483e+08
2170 2.17 0.0217 -0.00958736 -0.0108452 -0.00178732 4.87103e-05 0.000456291 3.36864e+08 781.287 3247.44 813.191 -860.053 -805.633 3.36862e+08 -1.12289e+08 3.36864e+08
2180 2.18 0.0218 -0.00963157 -0.0108942 -0.0017938 4.92524e-05 0.000457895 3.37245e+08 785.24 3250.96 812.951 -860.002 -805.235 3.37243e+08 -1.12417e+08 3.37245e+08
2190 2.19 0.0219 -0.00967576 -0.0109432 -0.00180026 4.97949e-05 0.000459501 3.37626e+08 789.218 3254.5 812.713 -859.95 -804.839 3.37624e+08 -1.12543e+08 3.37626e+08
2200 2.2 0.022 -0.00971994 -0.0109921 -0.00180671 5.03378e-05 0.000461109 3.38007e+08 793.221 3258.06 812.476 -859.897 -804.444 3.38005e+08 -1.1267e+08 3.38007e+08
2210 2.21 0.0221 -0.0097641 -0.0110411 -0.00181315 5.0881e-05 0.00046272 3.38387e+08 797.249 3261.65 812.241 -859.844 -804.051 3.38385e+08 -1.12797e+08 3.38387e+08
2220 2.22 0.0222 -0.00980826 -0.01109 -0.00181958 5.14245e-05 0.000464334 3.38766e+08 801.302 3265.27 812.008 -859.79 -803.658 3.38764e+08 -1.12923e+08 3.38766e+08
2230 2.23 0.0223 -0.0098524 -0.0111389 -0.00182599 5.19683e-05 0.00046595 3.39145e+08 805.379 3268.9 811.777 -859.735 -803.267 3.39143e+08 -1.1305e+08 3.39145e+08
2240 2.24 0.0224 -0.00989653 -0.0111878 -0.00183239 5.25123e-05 0.000467569 3.39524e+08 809.481 3272.56 811.548 -859.68 -802.877 3.39522e+08 -1.13176e+08 3.39524e+08
2250 2.25 0.0225 -0.00994064 -0.0112367 -0.00183877 5.30566e-05 0.00046919 3.39902e+08 813.608 3276.25 811.32 -859.625 -802.488 3.399e+08 -1.13302e+08 3.39902e+08
2260 2.26 0.0226 -0.00998474 -0.0112856 -0.00184515 5.36011e-05 0.000470814 3.4028e+08 817.759 3279.96 811.094 -859.569 -802.101 3.40278e+08 -1.13428e+08 3.4028e+08
2270 2.27 0.0227 -0.0100288 -0.0113345 -0.00185151 5.41458e-05 0.000472441 3.40658e+08 821.935 3283.69 810.87 -859.512 -801.714 3.40655e+08 -1.13554e+08 3.40658e+08
2280 2.28 0.0228 -0.0100729 -0.0113834 -0.00185786 5.46906e-05 0.00047407 3.41035e+08 826.136 3287.44 810.647 -859.455 -801.329 3.41032e+08 -1.1368e+08 3.41035e+08
2290 2.29 0.0229 -0.010117 -0.0114322 -0.00186419 5.52355e-05 0.000475703 3.41411e+08 830.36 3291.22 810.426 -859.397 -800.945 3.41409e+08 -1.13805e+08 3.41411e+08
2300 2.3 0.023 -0.010161 -0.011481 -0.00187051 5.57806e-05 0.000477337 3.41787e+08 834.61 3295.02 810.207 -859.339 -800.561 3.41785e+08 -1.1393e+08 3.41787e+08
2310 2.31 0.0231 -0.0102051 -0.0115298 -0.00187682 5.63257e-05 0.000478975 3.42163e+08 838.884 3298.85 809.99 -859.28 -800.18 3.42161e+08 -1.14056e+08 3.42163e+08
2320 2.32 0.0232 -0.0102491 -0.0115786 -0.00188312 5.68709e-05 0.000480615 3.42538e+08 843.183 3302.7 809.775 -859.221 -799.799 3.42536e+08 -1.14181e+08 3.42538e+08
2330 2.33 0.0233 -0.0102931 -0.0116274 -0.00188941 5.74161e-05 0.000482259 3.42913e+08 847.505 3306.57 809.561 -859.162 -799.419 3.42911e+08 -1.14306e+08 3.42913e+08
2340 2.34 0.0234 -0.0103371 -0.0116762 -0.00189568 5.79613e-05 0.000483905 3.43288e+08 851.853 3310.47 809.349 -859.102 -799.04 3.43286e+08 -1.14431e+08 3.43288e+08
2350 2.35 0.0235 -0.0103811 -0.011725 -0.00190195 5.85065e-05 0.000485554 3.43662e+08 856.224 3314.39 809.139 -859.041 -798.663 3.4366e+08 -1.14555e+08 3.43662e+08
2360 2.36 0.0236 -0.0104251 -0.0117737 -0.0019082 5.90517e-05 0.000487205 3.44036e+08 860.621 3318.33 808.93 -858.981 -798.286 3.44034e+08 -1.1468e+08 3.44036e+08
2370 2.37 0.0237 -0.010469 -0.0118225 -0.00191443 5.95968e-05 0.00048886 3.44409e+08 865.041 3322.3 808.723 -858.919 -797.911 3.44407e+08 -1.14804e+08 3.44409e+08
2380 2.38 0.0238 -0.010513 -0.0118712 -0.00192066 6.01418e-05 0.000490518 3.44782e+08 869.485 3326.29 808.518 -858.858 -797.537 3.4478e+08 -1.14929e+08 3.44782e+08
2390 2.39 0.0239 -0.0105569 -0.0119199 -0.00192687 6.06867e-05 0.000492178 3.45155e+08 873.954 3330.3 808.315 -858.796 -797.164 3.45152e+08 -1.15053e+08 3.45155e+08
2400 2.4 0.024 -0.0106009 -0.0119686 -0.00193308 6.12315e-05 0.000493842 3.45527e+08 878.447 3334.34 808.114 -858.733 -796.791 3.45525e+08 -1.15177e+08 3.45527e+08
2410 2.41 0.0241 -0.0106448 -0.0120173 -0.00193927 6.17761e-05 0.000495508 3.45898e+08 882.964 3338.4 807.914 -858.67 -796.42 3.45896e+08 -1.15301e+08 3.45898e+08
2420 2.42 0.0242 -0.0106887 -0.0120659 -0.00194545 6.23206e-05 0.000497177 3.4627e+08 887.505 3342.48 807.716 -858.607 -796.05 3.46268e+08 -1.15425e+08 3.4627e+08
2430 2.43 0.0243 -0.0107326 -0.0121146 -0.00195161 6.28648e-05 0.00049885 3.46641e+08 892.07 3346.59 807.52 -858.543 -795.681 3.46638e+08 -1.15548e+08 3.46641e+08
2440 2.44 0.0244 -0.0107764 -0.0121633 -0.00195777 6.34089e-05 0.000500525 3.47011e+08 896.659 3350.72 807.325 -858.48 -795.313 3.47009e+08 -1.15672e+08 3.47011e+08
2450 2.45 0.0245 -0.0108203 -0.0122119 -0.00196392 6.39527e-05 0.000502204 3.47381e+08 901.273 3354.87 807.132 -858.415 -794.946 3.47379e+08 -1.15795e+08 3.47381e+08
2460 2.46 0.0246 -0.0108641 -0.0122605 -0.00197005 6.44963e-05 0.000503885 3.47751e+08 905.91 3359.05 806.941 -858.351 -794.579 3.47749e+08 -1.15918e+08 3.47751e+08
2470 2.47 0.0247 -0.010908 -0.0123091 -0.00197617 6.50396e-05 0.00050557 3.4812e+08 910.572 3363.25 806.752 -858.286 -794.214 3.48118e+08 -1.16041e+08 3.4812e+08
2480 2.48 0.0248 -0.0109518 -0.0123577 -0.00198228 6.55826e-05 0.000507257 3.48489e+08 915.257 3367.47 806.565 -858.22 -793.85 3.48487e+08 -1.16164e+08 3.48489e+08
2490 2.49 0.0249 -0.0109956 -0.0124063 -0.00198838 6.61253e-05 0.000508948 3.48858e+08 919.966 3371.72 806.379 -858.155 -793.487 3.48855e+08 -1.16287e+08 3.48858e+08
2500 2.5 0.025 -0.0110394 -0.0124548 -0.00199447 6.66677e-05 0.000510642 3.49226e+08 924.699 3375.99 806.195 -858.089 -793.124 3.49223e+08 -1.1641e+08 3.49226e+08
2510 2.51 0.0251 -0.0110832 -0.0125034 -0.00200055 6.72097e-05 0.000512339 3.49593e+08 929.456 3380.28 806.013 -858.023 -792.763 3.49591e+08 -1.16533e+08 3.49593e+08
2520 2.52 0.0252 -0.011127 -0.0125519 -0.00200662 6.77514e-05 0.000514039 3.49961e+08 934.237 3384.6 805.832 -857.956 -792.403 3.49959e+08 -1.16655e+08 3.49961e+08
2530 2.53 0.0253 -0.0111707 -0.0126005 -0.00201268 6.82927e-05 0.000515743 3.50328e+08 939.041 3388.94 805.653 -857.889 -792.043 3.50325e+08 -1.16777e+08 3.50328e+08
2540 2.54 0.0254 -0.0112145 -0.012649 -0.00201872 6.88335e-05 0.000517449 3.50694e+08 943.869 3393.3 805.477 -857.822 -791.685 3.50692e+08 -1.16899e+08 3.50694e+08
2550 2.55 0.0255 -0.0112582 -0.0126975 -0.00202476 6.9374e-05 0.000519159 3.5106e+08 948.721 3397.68 805.301 -857.755 -791.327 3.51058e+08 -1.17022e+08 3.5106e+08
2560 2.56 0.0256 -0.0113019 -0.012746 -0.00203078 6.9914e-05 0.000520872 3.51426e+08 953.597 3402.09 805.128 -857.687 -790.97 3.51424e+08 -1.17143e+08 3.51426e+08
2570 2.57 0.0257 -0.0113457 -0.0127944 -0.00203679 7.04536e-05 0.000522588 3.51791e+08 958.496 3406.52 804.956 -857.619 -790.614 3.51789e+08 -1.17265e+08 3.51791e+08
2580 2.58 0.0258 -0.0113894 -0.0128429 -0.0020428 7.09927e-05 0.000524307 3.52156e+08 963.419 3410.98 804.786 -857.551 -790.259 3.52154e+08 -1.17387e+08 3.52156e+08
2590 2.59 0.0259 -0.011433 -0.0128913 -0.00204879 7.15313e-05 0.00052603 3.52521e+08 968.366 3415.46 804.618 -857.483 -789.905 3.52519e+08 -1.17508e+08 3.52521e+08
2600 2.6 0.026 -0.0114767 -0.0129398 -0.00205477 7.20695e-05 0.000527755 3.52885e+08 973.336 3419.96 804.452 -857.414 -789.552 3.52883e+08 -1.1763e+08 3.52885e+08
2610 2.61 0.0261 -0.0115204 -0.0129882 -0.00206074 7.26071e-05 0.000529485 3.53249e+08 978.329 3424.48 804.287 -857.345 -789.2 3.53247e+08 -1.17751e+08 3.53249e+08
2620 2.62 0.0262 -0.011564 -0.0130366 -0.00206671 7.31441e-05 0.000531217 3.53612e+08 983.347 3429.03 804.124 -857.276 -788.848 3.5361e+08 -1.17872e+08 3.53612e+08
2630 2.63 0.0263 -0.0116076 -0.013085 -0.00207266 7.36807e-05 0.000532953 3.53975e+08 988.387 3433.6 803.963 -857.207 -788.498 3.53973e+08 -1.17993e+08 3.53975e+08
2640 2.64 0.0264 -0.0116513 -0.0131334 -0.0020786 7.42166e-05 0.000534692 3.54338e+08 993.451 3438.19 803.804 -857.137 -788.148 3.54336e+08 -1.18114e+08 3.54338e+08
2650 2.65 0.0265 -0.0116949 -0.0131818 -0.00208453 7.4752e-05 0.000536434 3.547e+08 998.538 3442.81 803.646 -857.068 -787.799 3.54698e+08 -1.18235e+08 3.547e+08
2660 2.66 0.0266 -0.0117385 -0.0132301 -0.00209045 7.52868e-05 0.00053818 3.55062e+08 1003.65 3447.45 803.49 -856.998 -787.451 3.5506e+08 -1.18356e+08 3.55062e+08
2670 2.67 0.0267 -0.011782 -0.0132785 -0.00209636 7.5821e-05 0.000539929 3.55424e+08 1008.78 3452.11 803.336 -856.928 -787.103 3.55421e+08 -1.18476e+08 3.55424e+08
2680 2.68 0.0268 -0.0118256 -0.0133268 -0.00210226 7.63545e-05 0.000541681 3.55785e+08 1013.94 3456.8 803.184 -856.857 -786.757 3.55783e+08 -1.18596e+08 3.55785e+08
2690 2.69 0.0269 -0.0118692 -0.0133751 -0.00210815 7.68874e-05 0.000543437 3.56145e+08 1019.12 3461.5 803.033 -856.787 -786.411 3.56143e+08 -1.18717e+08 3.56145e+08
2700 2.7 0.027 -0.0119127 -0.0134234 -0.00211403 7.74197e-05 0.000545196 3.56506e+08 1024.33 3466.23 802.884 -856.716 -786.066 3.56504e+08 -1.18837e+08 3.56506e+08
2710 2.71 0.0271 -0.0119562 -0.0134717 -0.0021199 7.79513e-05 0.000546959 3.56866e+08 1029.55 3470.99 802.737 -856.645 -785.722 3.56864e+08 -1.18957e+08 3.56866e+08
2720 2.72 0.0272 -0.0119998 -0.01352 -0.00212576 7.84822e-05 0.000548725 3.57225e+08 1034.8 3475.76 802.592 -856.574 -785.378 3.57223e+08 -1.19077e+08 3.57225e+08
2730 2.73 0.0273 -0.0120433 -0.0135683 -0.00213162 7.90124e-05 0.000550494 3.57585e+08 1040.08 3480.56 802.448 -856.503 -785.036 3.57582e+08 -1.19196e+08 3.57585e+08
2740 2.74 0.0274 -0.0120868 -0.0136165 -0.00213746 7.95419e-05 0.000552267 3.57943e+08 1045.37 3485.39 802.306 -856.432 -784.694 3.57941e+08 -1.19316e+08 3.57943e+08
2750 2.75 0.0275 -0.0121302 -0.0136648 -0.00214329 8.00707e-05 0.000554044 3.58302e+08 1050.69 3490.23 802.166 -856.36 -784.353 3.583e+08 -1.19435e+08 3.58302e+08
2760 2.76 0.0276 -0.0121737 -0.013713 -0.00214911 8.05988e-05 0.000555823 3.5866e+08 1056.04 3495.1 802.028 -856.288 -784.012 3.58658e+08 -1.19555e+08 3.5866e+08
2770 2.77 0.0277 -0.0122172 -0.0137612 -0.00215493 8.11261e-05 0.000557607 3.59018e+08 1061.4 3499.99 801.892 -856.217 -783.673 3.59015e+08 -1.19674e+08 3.59018e+08
2780 2.78 0.0278 -0.0122606 -0.0138094 -0.00216073 8.16526e-05 0.000559393 3.59375e+08 1066.79 3504.9 801.757 -856.145 -783.334 3.59373e+08 -1.19793e+08 3.59375e+08
2790 2.79 0.0279 -0.012304 -0.0138576 -0.00216652 8.21784e-05 0.000561183 3.59732e+08 1072.2 3509.84 801.624 -856.072 -782.996 3.5973e+08 -1.19912e+08 3.59732e+08
2800 2.8 0.028 -0.0123475 -0.0139058 -0.00217231 8.27034e-05 0.000562977 3.60089e+08 1077.64 3514.8 801.493 -856 -782.658 3.60086e+08 -1.20031e+08 3.60089e+08
2810 2.81 0.0281 -0.0123909 -0.013954 -0.00217808 8.32276e-05 0.000564774 3.60445e+08 1083.1 3519.78 801.363 -855.928 -782.321 3.60443e+08 -1.2015e+08 3.60445e+08
2820 2.82 0.0282 -0.0124342 -0.0140021 -0.00218385 8.3751e-05 0.000566575 3.60801e+08 1088.58 3524.78 801.236 -855.855 -781.985 3.60798e+08 -1.20268e+08 3.60801e+08
2830 2.83 0.0283 -0.0124776 -0.0140502 -0.00218961 8.42736e-05 0.000568379 3.61156e+08 1094.08 3529.81 801.11 -855.783 -781.65 3.61154e+08 -1.20387e+08 3.61156e+08
2840 2.84 0.0284 -0.012521 -0.0140984 -0.00219535 8.47953e-05 0.000570187 3.61511e+08 1099.61 3534.86 800.985 -855.71 -781.315 3.61509e+08 -1.20505e+08 3.61511e+08
2850 2.85 0.0285 -0.0125643 -0.0141465 -0.00220109 8.53162e-05 0.000571998 3.61866e+08 1105.16 3539.93 800.863 -855.637 -780.981 3.61864e+08 -1.20624e+08 3.61866e+08
2860 2.86 0.0286 -0.0126077 -0.0141946 -0.00220682 8.58363e-05 0.000573813 3.6222e+08 1110.73 3545.02 800.742 -855.564 -780.648 3.62218e+08 -1.20742e+08 3.6222e+08
2870 2.87 0.0287 -0.012651 -0.0142427 -0.00221254 8.63555e-05 0.000575631 3.62574e+08 1116.32 3550.14 800.623 -855.491 -780.315 3.62572e+08 -1.2086e+08 3.62574e+08
2880 2.88 0.0288 -0.0126943 -0.0142908 -0.00221825 8.68738e-05 0.000577453 3.62928e+08 1121.94 3555.28 800.506 -855.418 -779.983 3.62926e+08 -1.20978e+08 3.62928e+08
2890 2.89 0.0289 -0.0127376 -0.0143388 -0.00222395 8.73912e-05 0.000579279 3.63281e+08 1127.58 3560.44 800.391 -855.345 -779.652 3.63279e+08 -1.21095e+08 3.63281e+08
2900 2.9 0.029 -0.0127809 -0.0143869 -0.00222965 8.79077e-05 0.000581108 3.63634e+08 1133.24 3565.63 800.277 -855.271 -779.321 3.63632e+08 -1.21213e+08 3.63634e+08
2910 2.91 0.0291 -0.0128242 -0.0144349 -0.00223533 8.84233e-05 0.000582941 3.63987e+08 1138.93 3570.84 800.165 -855.198 -778.991 3.63984e+08 -1.2133e+08 3.63987e+08
2920 2.92 0.0292 -0.0128675 -0.0144829 -0.00224101 8.8938e-05 0.000584777 3.64339e+08 1144.63 3576.07 800.055 -855.124 -778.662 3.64336e+08 -1.21448e+08 3.64339e+08
2930 2.93 0.0293 -0.0129107 -0.0145309 -0.00224667 8.94518e-05 0.000586617 3.64691e+08 1150.36 3581.32 799.947 -855.051 -778.333 3.64688e+08 -1.21565e+08 3.64691e+08
2940 2.94 0.0294 -0.0129539 -0.0145789 -0.00225233 8.99646e-05 0.000588461 3.65042e+08 1156.12 3586.59 799.84 -854.977 -778.005 3.6504e+08 -1.21682e+08 3.65042e+08
2950 2.95 0.0295 -0.0129972 -0.0146269 -0.00225798 9.04765e-05 0.000590308 3.65393e+08 1161.89 3591.89 799.736 -854.903 -777.677 3.65391e+08 -1.21799e+08 3.65393e+08
2960 2.96 0.0296 -0.0130404 -0.0146749 -0.00226362 9.09874e-05 0.000592159 3.65744e+08 1167.69 3597.21 799.633 -854.83 -777.35 3.65741e+08 -1.21916e+08 3.65744e+08
2970 2.97 0.0297 -0.0130836 -0.0147229 -0.00226925 9.14974e-05 0.000594013 3.66094e+08 1173.51 3602.55 799.531 -854.756 -777.024 3.66092e+08 -1.22033e+08 3.66094e+08
2980 2.98 0.0298 -0.0131268 -0.0147708 -0.00227488 9.20063e-05 0.000595871 3.66444e+08 1179.35 3607.92 799.432 -854.682 -776.698 3.66442e+08 -1.2215e+08 3.66444e+08
2990 2.99 0.0299 -0.01317 -0.0148188 -0.00228049 9.25143e-05 0.000597733 3.66794e+08 1185.22 3613.31 799.334 -854.608 -776.373 3.66791e+08 -1.22266e+08 3.66794e+08
3000 3 0.03 -0.0132131 -0.0148667 -0.0022861 9.30213e-05 0.000599598 3.67143e+08 1191.11 3618.72 799.238 -854.534 -776.049 3.67141e+08 -1.22383e+08 3.67143e+08
3010 3.01 0.0301 -0.0132563 -0.0149146 -0.0022917 9.35273e-05 0.000601467 3.67492e+08 1197.02 3624.15 799.144 -854.459 -775.725 3.6749e+08 -1.22499e+08 3.67492e+08
3020 3.02 0.0302 -0.0132994 -0.0149625 -0.00229729 9.40322e-05 0.00060334 3.6784e+08 1202.95 3629.6 799.051 -854.385 -775.401 3.67838e+08 -1.22615e+08 3.6784e+08
3030 3.03 0.0303 -0.0133425 -0.0150104 -0.00230287 9.45362e-05 0.000605216 3.68189e+08 1208.9 3635.08 798.961 -854.311 -775.079 3.68186e+08 -1.22731e+08 3.68189e+08
3040 3.04 0.0304 -0.0133856 -0.0150583 -0.00230844 9.50391e-05 0.000607096 3.68536e+08 1214.88 3640.58 798.872 -854.237 -774.756 3.68534e+08 -1.22847e+08 3.68536e+08
3050 3.05 0.0305 -0.0134287 -0.0151061 -0.002314 9.55409e-05 0.00060898 3.68884e+08 1220.88 3646.1 798.784 -854.162 -774.435 3.68881e+08 -1.22963e+08 3.68884e+08
3060 3.06 0.0306 -0.0134718 -0.015154 -0.00231956 9.60417e-05 0.000610868 3.69231e+08 1226.9 3651.64 798.699 -854.088 -774.113 3.69229e+08 -1.23079e+08 3.69231e+08
3070 3.07 0.0307 -0.0135149 -0.0152018 -0.00232511 9.65415e-05 0.000612759 3.69578e+08 1232.94 3657.21 798.615 -854.014 -773.793 3.69575e+08 -1.23194e+08 3.69578e+08
3080 3.08 0.0308 -0.013558 -0.0152496 -0.00233065 9.70402e-05 0.000614654 3.69924e+08 1239.01 3662.79 798.533 -853.939 -773.473 3.69922e+08 -1.2331e+08 3.69924e+08
3090 3.09 0.0309 -0.013601 -0.0152974 -0.00233618 9.75378e-05 0.000616553 3.7027e+08 1245.1 3668.41 798.453 -853.865 -773.153 3.70268e+08 -1.23425e+08 3.7027e+08
3100 3.1 0.031 -0.013644 -0.0153452 -0.0023417 9.80343e-05 0.000618455 3.70616e+08 1251.2 3674.04 798.375 -853.79 -772.834 3.70613e+08 -1.2354e+08 3.70616e+08
3110 3.11 0.0311 -0.0136871 -0.015393 -0.00234722 9.85297e-05 0.000620361 3.70961e+08 1257.34 3679.69 798.298 -853.716 -772.516 3.70959e+08 -1.23655e+08 3.70961e+08
3120 3.12 0.0312 -0.0137301 -0.0154408 -0.00235272 9.9024e-05 0.000622271 3.71306e+08 1263.49 3685.37 798.223 -853.641 -772.198 3.71304e+08 -1.2377e+08 3.71306e+08
3130 3.13 0.0313 -0.0137731 -0.0154886 -0.00235822 9.95173e-05 0.000624184 3.71651e+08 1269.67 3691.07 798.15 -853.566 -771.88 3.71648e+08 -1.23885e+08 3.71651e+08
3140 3.14 0.0314 -0.0138161 -0.0155363 -0.00236371 0.000100009 0.000626102 3.71995e+08 1275.86 3696.79 798.079 -853.492 -771.563 3.71992e+08 -1.24e+08 3.71995e+08
3150 3.15 0.0315 -0.013859 -0.015584 -0.0023692 0.0001005 0.000628023 3.72339e+08 1282.08 3702.53 798.009 -853.417 -771.247 3.72336e+08 -1.24115e+08 3.72339e+08
3160 3.16 0.0316 -0.013902 -0.0156318 -0.00237467 0.00010099 0.000629948 3.72682e+08 1288.32 3708.3 797.941 -853.342 -770.931 3.7268e+08 -1.24229e+08 3.72682e+08
3170 3.17 0.0317 -0.0139449 -0.0156795 -0.00238014 0.000101479 0.000631876 3.73026e+08 1294.59 3714.08 797.875 -853.268 -770.615 3.73023e+08 -1.24344e+08 3.73026e+08
3180 3.18 0.0318 -0.0139879 -0.0157272 -0.0023856 0.000101966 0.000633808 3.73368e+08 1300.87 3719.89 797.81 -853.193 -770.3 3.73366e+08 -1.24458e+08 3.73368e+08
3190 3.19 0.0319 -0.0140308 -0.0157749 -0.00239105 0.000102453 0.000635745 3.73711e+08 1307.18 3725.72 797.748 -853.118 -769.986 3.73708e+08 -1.24572e+08 3.73711e+08
3200 3.2 0.032 -0.0140737 -0.0158225 -0.00239649 0.000102938 0.000637685 3.74053e+08 1313.51 3731.58 797.687 -853.044 -769.672 3.74051e+08 -1.24686e+08 3.74053e+08
3210 3.21 0.0321 -0.0141166 -0.0158702 -0.00240193 0.000103422 0.000639628 3.74395e+08 1319.86 3737.45 797.628 -852.969 -769.358 3.74392e+08 -1.248e+08 3.74395e+08
3220 3.22 0.0322 -0.0141595 -0.0159179 -0.00240736 0.000103905 0.000641576 3.74736e+08 1326.23 3743.35 797.57 -852.894 -769.045 3.74734e+08 -1.24914e+08 3.74736e+08
3230 3.23 0.0323 -0.0142024 -0.0159655 -0.00241278 0.000104387 0.000643527 3.75077e+08 1332.62 3749.27 797.515 -852.819 -768.732 3.75075e+08 -1.25028e+08 3.75077e+08
3240 3.24 0.0324 -0.0142452 -0.0160131 -0.00241819 0.000104867 0.000645482 3.75418e+08 1339.04 3755.21 797.461 -852.745 -768.42 3.75416e+08 -1.25141e+08 3.75418e+08
3250 3.25 0.0325 -0.0142881 -0.0160607 -0.0024236 0.000105347 0.000647441 3.75759e+08 1345.48 3761.17 797.408 -852.67 -768.109 3.75756e+08 -1.25255e+08 3.75759e+08
3260 3.26 0.0326 -0.0143309 -0.0161083 -0.00242899 0.000105825 0.000649404 3.76099e+08 1351.93 3767.16 797.358 -852.595 -767.797 3.76096e+08 -1.25368e+08 3.76099e+08
3270 3.27 0.0327 -0.0143737 -0.0161559 -0.00243438 0.000106302 0.00065137 3.76438e+08 1358.42 3773.17 797.309 -852.52 -767.486 3.76436e+08 -1.25481e+08 3.76438e+08
3280 3.28 0.0328 -0.0144166 -0.0162035 -0.00243977 0.000106777 0.00065334 3.76778e+08 1364.92 3779.2 797.262 -852.446 -767.176 3.76775e+08 -1.25594e+08 3.76778e+08
3290 3.29 0.0329 -0.0144593 -0.016251 -0.00244514 0.000107252 0.000655314 3.77117e+08 1371.44 3785.25 797.217 -852.371 -766.866 3.77114e+08 -1.25707e+08 3.77117e+08
3300 3.3 0.033 -0.0145021 -0.0162986 -0.00245051 0.000107725 0.000657292 3.77455e+08 1377.99 3791.32 797.174 -852.296 -766.556 3.77453e+08 -1.2582e+08 3.77455e+08
3310 3.31 0.0331 -0.0145449 -0.0163461 -0.00245587 0.000108197 0.000659274 3.77794e+08 1384.55 3797.41 797.132 -852.222 -766.247 3.77791e+08 -1.25933e+08 3.77794e+08
3320 3.32 0.0332 -0.0145877 -0.0163937 -0.00246122 0.000108668 0.00066126 3.78132e+08 1391.14 3803.53 797.092 -852.147 -765.939 3.78129e+08 -1.26046e+08 3.78132e+08
3330 3.33 0.0333 -0.0146304 -0.0164412 -0.00246657 0.000109138 0.000663249 3.78469e+08 1397.75 3809.67 797.054 -852.072 -765.63 3.78467e+08 -1.26158e+08 3.78469e+08
3340 3.34 0.0334 -0.0146732 -0.0164887 -0.0024719 0.000109606 0.000665242 3.78807e+08 1404.38 3815.83 797.017 -851.997 -765.322 3.78804e+08 -1.26271e+08 3.78807e+08
3350 3.35 0.0335 -0.0147159 -0.0165362 -0.00247723 0.000110073 0.00066724 3.79144e+08 1411.03 3822.01 796.982 -851.923 -765.015 3.79141e+08 -1.26383e+08 3.79144e+08
3360 3.36 0.0336 -0.0147586 -0.0165836 -0.00248256 0.000110539 0.000669241 3.7948e+08 1417.71 3828.21 796.95 -851.848 -764.708 3.79478e+08 -1.26495e+08 3.7948e+08
3370 3.37 0.0337 -0.0148013 -0.0166311 -0.00248787 0.000111003 0.000671245 3.79817e+08 1424.4 3834.44 796.918 -851.774 -764.401 3.79814e+08 -1.26607e+08 3.79817e+08
3380 3.38 0.0338 -0.014844 -0.0166785 -0.00249318 0.000111466 0.000673254 3.80152e+08 1431.12 3840.69 796.889 -851.699 -764.095 3.8015e+08 -1.26719e+08 3.80152e+08
3390 3.39 0.0339 -0.0148866 -0.016726 -0.00249848 0.000111928 0.000675267 3.80488e+08 1437.86 3846.95 796.861 -851.624 -763.789 3.80485e+08 -1.26831e+08 3.80488e+08
3400 3.4 0.034 -0.0149293 -0.0167734 -0.00250378 0.000112389 0.000677283 3.80823e+08 1444.61 3853.24 796.835 -851.55 -763.483 3.80821e+08 -1.26943e+08 3.80823e+08
3410 3.41 0.0341 -0.014972 -0.0168208 -0.00250907 0.000112848 0.000679303 3.81158e+08 1451.39 3859.56 796.81 -851.475 -763.178 3.81156e+08 -1.27055e+08 3.81158e+08
3420 3.42 0.0342 -0.0150146 -0.0168682 -0.00251435 0.000113306 0.000681327 3.81493e+08 1458.2 3865.89 796.788 -851.401 -762.873 3.8149e+08 -1.27166e+08 3.81493e+08
3430 3.43 0.0343 -0.0150572 -0.0169156 -0.00251962 0.000113763 0.000683355 3.81827e+08 1465.02 3872.24 796.767 -851.326 -762.569 3.81824e+08 -1.27277e+08 3.81827e+08
3440 3.44 0.0344 -0.0150998 -0.016963 -0.00252489 0.000114219 0.000685387 3.82161e+08 1471.86 3878.62 796.748 -851.252 -762.265 3.82158e+08 -1.27389e+08 3.82161e+08
3450 3.45 0.0345 -0.0151424 -0.0170103 -0.00253014 0.000114673 0.000687423 3.82494e+08 1478.73 3885.02 796.73 -851.177 -761.961 3.82492e+08 -1.275e+08 3.82494e+08
3460 3.46 0.0346 -0.015185 -0.0170577 -0.0025354 0.000115125 0.000689462 3.82828e+08 1485.61 3891.44 796.715 -851.103 -761.658 3.82825e+08 -1.27611e+08 3.82828e+08
3470 3.47 0.0347 -0.0152276 -0.017105 -0.00254064 0.000115577 0.000691506 3.83161e+08 1492.52 3897.88 796.701 -851.029 -761.355 3.83158e+08 -1.27722e+08 3.83161e+08
3480 3.48 0.0348 -0.0152701 -0.0171523 -0.00254588 0.000116027 0.000693553 3.83493e+08 1499.45 3904.34 796.688 -850.954 -761.052 3.8349e+08 -1.27833e+08 3.83493e+08
3490 3.49 0.0349 -0.0153127 -0.0171997 -0.00255111 0.000116476 0.000695605 3.83825e+08 1506.4 3910.83 796.678 -850.88 -760.75 3.83823e+08 -1.27944e+08 3.83825e+08
3500 3.5 0.035 -0.0153552 -0.017247 -0.00255633 0.000116923 0.00069766 3.84157e+08 1513.36 3917.33 796.669 -850.806 -760.448 3.84154e+08 -1.28054e+08 3.84157e+08
3510 3.51 0.0351 -0.0153978 -0.0172943 -0.00256155 0.00011737 0.000699719 3.84489e+08 1520.36 3923.86 796.662 -850.732 -760.146 3.84486e+08 -1.28165e+08 3.84489e+08
3520 3.52 0.0352 -0.0154403 -0.0173415 -0.00256676 0.000117814 0.000701782 3.8482e+08 1527.37 3930.41 796.656 -850.657 -759.845 3.84817e+08 -1.28275e+08 3.8482e+08
3530 3.53 0.0353 -0.0154828 -0.0173888 -0.00257196 0.000118258 0.000703849 3.85151e+08 1534.4 3936.98 796.653 -850.583 -759.544 3.85148e+08 -1.28385e+08 3.85151e+08
3540 3.54 0.0354 -0.0155253 -0.017436 -0.00257716 0.0001187 0.000705919 3.85481e+08 1541.45 3943.57 796.651 -850.509 -759.243 3.85479e+08 -1.28496e+08 3.85481e+08
3550 3.55 0.0355 -0.0155677 -0.0174833 -0.00258235 0.000119141 0.000707994 3.85811e+08 1548.53 3950.19 796.651 -850.435 -758.943 3.85809e+08 -1.28606e+08 3.85811e+08
3560 3.56 0.0356 -0.0156102 -0.0175305 -0.00258753 0.00011958 0.000710072 3.86141e+08 1555.62 3956.82 796.652 -850.361 -758.643 3.86139e+08 -1.28716e+08 3.86141e+08
3570 3.57 0.0357 -0.0156526 -0.0175777 -0.00259271 0.000120018 0.000712155 3.86471e+08 1562.74 3963.48 796.655 -850.287 -758.343 3.86468e+08 -1.28825e+08 3.86471e+08
3580 3.58 0.0358 -0.0156951 -0.0176249 -0.00259788 0.000120455 0.000714241 3.868e+08 1569.88 3970.15 796.66 -850.213 -758.044 3.86797e+08 -1.28935e+08 3.868e+08
3590 3.59 0.0359 -0.0157375 -0.0176721 -0.00260304 0.00012089 0.000716332 3.87129e+08 1577.03 3976.85 796.667 -850.139 -757.745 3.87126e+08 -1.29045e+08 3.87129e+08
3600 3.6 0.036 -0.0157799 -0.0177193 -0.0026082 0.000121324 0.000718426 3.87457e+08 1584.21 3983.57 796.675 -850.065 -757.446 3.87455e+08 -1.29154e+08 3.87457e+08
3610 3.61 0.0361 -0.0158223 -0.0177665 -0.00261335 0.000121756 0.000720524 3.87786e+08 1591.41 3990.31 796.685 -849.991 -757.148 3.87783e+08 -1.29264e+08 3.87786e+08
3620 3.62 0.0362 -0.0158647 -0.0178136 -0.00261849 0.000122187 0.000722626 3.88114e+08 1598.63 3997.07 796.697 -849.918 -756.849 3.88111e+08 -1.29373e+08 3.88114e+08
3630 3.63 0.0363 -0.0159071 -0.0178608 -0.00262363 0.000122617 0.000724732 3.88441e+08 1605.87 4003.86 796.71 -849.844 -756.552 3.88438e+08 -1.29482e+08 3.88441e+08
3640 3.64 0.0364 -0.0159495 -0.0179079 -0.00262876 0.000123045 0.000726842 3.88768e+08 1613.13 4010.66 796.725 -849.77 -756.254 3.88765e+08 -1.29591e+08 3.88768e+08
3650 3.65 0.0365 -0.0159918 -0.017955 -0.00263388 0.000123472 0.000728955 3.89095e+08 1620.41 4017.49 796.742 -849.697 -755.957 3.89092e+08 -1.297e+08 3.89095e+08
3660 3.66 0.0366 -0.0160341 -0.0180021 -0.002639 0.000123893 0.000731082 3.89422e+08 1627.71 4024.34 796.766 -849.602 -755.722 3.89419e+08 -1.29809e+08 3.89422e+08
3670 3.67 0.0367 -0.0160765 -0.0180492 -0.00264411 0.000124317 0.000733204 3.89748e+08 1635.04 4031.21 796.786 -849.528 -755.424 3.89745e+08 -1.29918e+08 3.89748e+08
3680 3.68 0.0368 -0.0161188 -0.0180963 -0.00264921 0.00012474 0.000735329 3.90074e+08 1642.38 4038.1 796.808 -849.455 -755.128 3.90071e+08 -1.30026e+08 3.90074e+08
3690 3.69 0.0369 -0.0161611 -0.0181433 -0.00265431 0.000125161 0.000737459 3.90399e+08 1649.74 4045.01 796.832 -849.382 -754.832 3.90397e+08 -1.30135e+08 3.90399e+08
3700 3.7 0.037 -0.0162034 -0.0181904 -0.0026594 0.000125581 0.000739592 3.90725e+08 1657.13 4051.94 796.857 -849.308 -754.536 3.90722e+08 -1.30243e+08 3.90725e+08
3710 3.71 0.0371 -0.0162457 -0.0182374 -0.00266449 0.000125999 0.00074173 3.9105e+08 1664.53 4058.89 796.884 -849.235 -754.24 3.91047e+08 -1.30352e+08 3.9105e+08
3720 3.72 0.0372 -0.0162879 -0.0182845 -0.00266956 0.000126416 0.000743871 3.91374e+08 1671.96 4065.87 796.913 -849.162 -753.944 3.91371e+08 -1.3046e+08 3.91374e+08
3730 3.73 0.0373 -0.0163302 -0.0183315 -0.00267464 0.000126832 0.000746016 3.91698e+08 1679.4 4072.86 796.943 -849.089 -753.649 3.91695e+08 -1.30568e+08 3.91698e+08
3740 3.74 0.0374 -0.0163724 -0.0183785 -0.0026797 0.000127246 0.000748165 3.92022e+08 1686.87 4079.88 796.975 -849.015 -753.354 3.92019e+08 -1.30676e+08 3.92022e+08
3750 3.75 0.0375 -0.0164147 -0.0184255 -0.00268476 0.000127658 0.000750318 3.92346e+08 1694.36 4086.91 797.009 -848.942 -753.059 3.92343e+08 -1.30784e+08 3.92346e+08
3760 3.76 0.0376 -0.0164569 -0.0184725 -0.00268981 0.00012807 0.000752476 3.92669e+08 1701.86 4093.97 797.045 -848.869 -752.765 3.92666e+08 -1.30892e+08 3.92669e+08
3770 3.77 0.0377 -0.0164991 -0.0185194 -0.00269486 0.000128479 0.000754637 3.92992e+08 1709.39 4101.05 797.082 -848.796 -752.471 3.92989e+08 -1.30999e+08 3.92992e+08
3780 3.78 0.0378 -0.0165413 -0.0185664 -0.0026999 0.000128888 0.000756802 3.93315e+08 1716.94 4108.15 797.121 -848.723 -752.177 3.93312e+08 -1.31107e+08 3.93315e+08
3790 3.79 0.0379 -0.0165835 -0.0186133 -0.00270493 0.000129294 0.00075897 3.93637e+08 1724.5 4115.27 797.161 -848.65 -751.883 3.93634e+08 -1.31214e+08 3.93637e+08
3800 3.8 0.038 -0.0166256 -0.0186603 -0.00270996 0.0001297 0.000761143 3.93959e+08 1732.09 4122.41 797.203 -848.578 -751.59 3.93956e+08 -1.31322e+08 3.93959e+08
3810 3.81 0.0381 -0.0166678 -0.0187072 -0.00271498 0.000130104 0.00076332 3.94281e+08 1739.7 4129.58 797.247 -848.505 -751.297 3.94278e+08 -1.31429e+08 3.94281e+08
3820 3.82 0.0382 -0.0167099 -0.0187541 -0.00272 0.000130506 0.000765501 3.94602e+08 1747.33 4136.76 797.293 -848.432 -751.004 3.94599e+08 -1.31536e+08 3.94602e+08
3830 3.83 0.0383 -0.0167521 -0.018801 -0.00272501 0.000130907 0.000767685 3.94923e+08 1754.98 4143.97 797.34 -848.359 -750.711 3.9492e+08 -1.31643e+08 3.94923e+08
3840 3.84 0.0384 -0.0167942 -0.0188479 -0.00273001 0.000131306 0.000769874 3.95244e+08 1762.65 4151.19 797.389 -848.287 -750.418 3.95241e+08 -1.3175e+08 3.95244e+08
3850 3.85 0.0385 -0.0168363 -0.0188947 -0.00273501 0.000131704 0.000772067 3.95564e+08 1770.34 4158.44 797.44 -848.214 -750.126 3.95561e+08 -1.31857e+08 3.95564e+08
3860 3.86 0.0386 -0.0168784 -0.0189416 -0.00274 0.000132101 0.000774263 3.95884e+08 1778.04 4165.71 797.492 -848.142 -749.834 3.95881e+08 -1.31963e+08 3.95884e+08
3870 3.87 0.0387 -0.0169205 -0.0189884 -0.00274498 0.000132496 0.000776464 3.96204e+08 1785.77 4172.99 797.546 -848.069 -749.542 3.96201e+08 -1.3207e+08 3.96204e+08
3880 3.88 0.0388 -0.0169625 -0.0190353 -0.00274996 0.00013289 0.000778668 3.96523e+08 1793.52 4180.3 797.602 -847.997 -749.25 3.9652e+08 -1.32176e+08 3.96523e+08
3890 3.89 0.0389 -0.0170046 -0.0190821 -0.00275493 0.000133282 0.000780877 3.96842e+08 1801.29 4187.63 797.659 -847.925 -748.959 3.96839e+08 -1.32283e+08 3.96842e+08
3900 3.9 0.039 -0.0170467 -0.0191289 -0.0027599 0.000133672 0.000783089 3.97161e+08 1809.08 4194.98 797.718 -847.852 -748.668 3.97158e+08 -1.32389e+08 3.97161e+08
3910 3.91 0.0391 -0.0170887 -0.0191757 -0.00276486 0.000134061 0.000785305 3.9748e+08 1816.89 4202.35 797.779 -847.78 -748.377 3.97477e+08 -1.32495e+08 3.9748e+08
3920 3.92 0.0392 -0.0171307 -0.0192225 -0.00276982 0.000134449 0.000787525 3.97798e+08 1824.72 4209.75 797.841 -847.708 -748.086 3.97795e+08 -1.32601e+08 3.97798e+08
3930 3.93 0.0393 -0.0171727 -0.0192693 -0.00277476 0.000134835 0.00078975 3.98116e+08 1832.57 4217.16 797.905 -847.636 -747.795 3.98113e+08 -1.32707e+08 3.98116e+08
3940 3.94 0.0394 -0.0172147 -0.019316 -0.00277971 0.00013522 0.000791978 3.98433e+08 1840.44 4224.59 797.971 -847.564 -747.505 3.9843e+08 -1.32813e+08 3.98433e+08
3950 3.95 0.0395 -0.0172567 -0.0193628 -0.00278464 0.000135603 0.00079421 3.9875e+08 1848.33 4232.04 798.038 -847.492 -747.215 3.98747e+08 -1.32919e+08 3.9875e+08
3960 3.96 0.0396 -0.0172987 -0.0194095 -0.00278957 0.000135984 0.000796446 3.99067e+08 1856.23 4239.52 798.107 -847.42 -746.925 3.99064e+08 -1.33024e+08 3.99067e+08
3970 3.97 0.0397 -0.0173407 -0.0194562 -0.0027945 0.000136364 0.000798686 3.99384e+08 1864.16 4247.02 798.178 -847.348 -746.635 3.99381e+08 -1.3313e+08 3.99384e+08
3980 3.98 0.0398 -0.0173826 -0.0195029 -0.00279942 0.000136743 0.00080093 3.997e+08 1872.11 4254.53 798.25 -847.276 -746.346 3.99697e+08 -1.33235e+08 3.997e+08
3990 3.99 0.0399 -0.0174246 -0.0195496 -0.00280433 0.00013712 0.000803178 4.00016e+08 1880.08 4262.07 798.324 -847.204 -746.056 4.00013e+08 -1.33341e+08 4.00016e+08
4000 4 0.04 -0.0174665 -0.0195963 -0.00280924 0.000137495 0.00080543 4.00331e+08 1888.07 4269.62 798.399 -847.133 -745.767 4.00328e+08 -1.33446e+08 4.00331e+08
4010 4.01 0.0401 -0.0175084 -0.019643 -0.00281414 0.000137869 0.000807686 4.00647e+08 1896.08 4277.2 798.477 -847.061 -745.478 4.00644e+08 -1.33551e+08 4.00647e+08
4020 4.02 0.0402 -0.0175503 -0.0196897 -0.00281903 0.000138242 0.000809946 4.00962e+08 1904.1 4284.8 798.556 -846.989 -745.189 4.00959e+08 -1.33656e+08 4.00962e+08
4030 4.03 0.0403 -0.0175922 -0.0197363 -0.00282392 0.000138613 0.00081221 4.01276e+08 1912.15 4292.42 798.636 -846.918 -744.901 4.01273e+08 -1.33761e+08 4.01276e+08
4040 4.04 0.0404 -0.0176341 -0.0197829 -0.00282881 0.000138982 0.000814477 4.01591e+08 1920.22 4300.06 798.718 -846.846 -744.612 4.01588e+08 -1.33866e+08 4.01591e+08
4050 4.05 0.0405 -0.0176759 -0.0198296 -0.00283369 0.00013935 0.000816749 4.01905e+08 1928.3 4307.72 798.802 -846.775 -744.324 4.01902e+08 -1.3397e+08 4.01905e+08
4060 4.06 0.0406 -0.0177178 -0.0198762 -0.00283856 0.000139716 0.000819025 4.02218e+08 1936.41 4315.4 798.887 -846.704 -744.036 4.02215e+08 -1.34075e+08 4.02218e+08
4070 4.07 0.0407 -0.0177596 -0.0199228 -0.00284342 0.000140081 0.000821304 4.02532e+08 1944.54 4323.1 798.975 -846.632 -743.748 4.02529e+08 -1.34179e+08 4.02532e+08
4080 4.08 0.0408 -0.0178015 -0.0199694 -0.00284829 0.000140444 0.000823588 4.02845e+08 1952.68 4330.82 799.063 -846.561 -743.46 4.02842e+08 -1.34284e+08 4.02845e+08
4090 4.09 0.0409 -0.0178433 -0.020016 -0.00285314 0.000140806 0.000825876 4.03158e+08 1960.85 4338.56 799.154 -846.49 -743.172 4.03154e+08 -1.34388e+08 4.03158e+08
4100 4.1 0.041 -0.0178851 -0.0200625 -0.00285799 0.000141166 0.000828167 4.0347e+08 1969.03 4346.32 799.246 -846.419 -742.885 4.03467e+08 -1.34492e+08 4.0347e+08
4110 4.11 0.0411 -0.0179269 -0.0201091 -0.00286283 0.000141525 0.000830463 4.03782e+08 1977.23 4354.1 799.339 -846.348 -742.598 4.03779e+08 -1.34596e+08 4.03782e+08
4120 4.12 0.0412 -0.0179687 -0.0201556 -0.00286767 0.000141882 0.000832762 4.04094e+08 1985.46 4361.91 799.435 -846.277 -742.311 4.04091e+08 -1.347e+08 4.04094e+08
4130 4.13 0.0413 -0.0180105 -0.0202021 -0.0028725 0.000142238 0.000835066 4.04406e+08 1993.7 4369.73 799.531 -846.206 -742.024 4.04402e+08 -1.34804e+08 4.04406e+08
4140 4.14 0.0414 -0.0180522 -0.0202487 -0.00287733 0.000142591 0.000837373 4.04717e+08 2001.96 4377.57 799.63 -846.135 -741.737 4.04714e+08 -1.34908e+08 4.04717e+08
4150 4.15 0.0415 -0.018094 -0.0202952 -0.00288215 0.000142944 0.000839684 4.05028e+08 2010.25 4385.43 799.73 -846.064 -741.45 4.05024e+08 -1.35011e+08 4.05028e+08
4160 4.16 0.0416 -0.0181357 -0.0203417 -0.00288697 0.000143295 0.000842 4.05338e+08 2018.55 4393.32 799.832 -845.993 -741.164 4.05335e+08 -1.35115e+08 4.05338e+08
4170 4.17 0.0417 -0.0181774 -0.0203881 -0.00289178 0.000143644 0.000844319 4.05649e+08 2026.87 4401.22 799.935 -845.923 -740.878 4.05645e+08 -1.35218e+08 4.05649e+08
4180 4.18 0.0418 -0.0182192 -0.0204346 -0.00289658 0.000143992 0.000846642 4.05959e+08 2035.21 4409.15 800.04 -845.852 -740.592 4.05955e+08 -1.35322e+08 4.05959e+08
4190 4.19 0.0419 -0.0182609 -0.0204811 -0.00290138 0.000144338 0.000848969 4.06268e+08 2043.57 4417.09 800.147 -845.781 -740.306 4.06265e+08 -1.35425e+08 4.06268e+08
4200 4.2 0.042 -0.0183025 -0.0205275 -0.00290618 0.000144683 0.000851301 4.06578e+08 2051.95 4425.05 800.255 -845.711 -740.02 4.06574e+08 -1.35528e+08 4.06578e+08
4210 4.21 0.0421 -0.0183442 -0.0205739 -0.00291096 0.000145026 0.000853636 4.06887e+08 2060.34 4433.04 800.365 -845.64 -739.734 4.06883e+08 -1.35631e+08 4.06887e+08
4220 4.22 0.0422 -0.0183859 -0.0206204 -0.00291575 0.000145367 0.000855975 4.07195e+08 2068.76 4441.04 800.477 -845.57 -739.448 4.07192e+08 -1.35734e+08 4.07195e+08
4230 4.23 0.0423 -0.0184275 -0.0206668 -0.00292052 0.000145707 0.000858318 4.07504e+08 2077.2 4449.07 800.59 -845.499 -739.163 4.075e+08 -1.35837e+08 4.07504e+08
4240 4.24 0.0424 -0.0184692 -0.0207132 -0.00292529 0.000146045 0.000860665 4.07812e+08 2085.65 4457.11 800.705 -845.429 -738.878 4.07809e+08 -1.35939e+08 4.07812e+08
4250 4.25 0.0425 -0.0185108 -0.0207595 -0.00293006 0.000146382 0.000863016 4.0812e+08 2094.13 4465.18 800.821 -845.359 -738.593 4.08116e+08 -1.36042e+08 4.0812e+08
4260 4.26 0.0426 -0.0185524 -0.0208059 -0.00293482 0.000146717 0.000865371 4.08427e+08 2102.62 4473.26 800.939 -845.289 -738.308 4.08424e+08 -1.36145e+08 4.08427e+08
4270 4.27 0.0427 -0.018594 -0.0208523 -0.00293958 0.000147051 0.00086773 4.08734e+08 2111.14 4481.37 801.058 -845.219 -738.023 4.08731e+08 -1.36247e+08 4.08734e+08
4280 4.28 0.0428 -0.0186356 -0.0208986 -0.00294433 0.000147383 0.000870093 4.09041e+08 2119.67 4489.5 801.18 -845.148 -737.738 4.09038e+08 -1.36349e+08 4.09041e+08
4290 4.29 0.0429 -0.0186772 -0.020945 -0.00294907 0.000147713 0.00087246 4.09348e+08 2128.22 4497.64 801.302 -845.078 -737.453 4.09345e+08 -1.36451e+08 4.09348e+08
4300 4.3 0.043 -0.0187188 -0.0209913 -0.00295381 0.000148042 0.00087483 4.09654e+08 2136.79 4505.81 801.427 -845.008 -737.169 4.09651e+08 -1.36554e+08 4.09654e+08
4310 4.31 0.0431 -0.0187604 -0.0210376 -0.00295854 0.000148369 0.000877205 4.0996e+08 2145.38 4513.99 801.552 -844.939 -736.885 4.09957e+08 -1.36656e+08 4.0996e+08
4320 4.32 0.0432 -0.0188019 -0.0210839 -0.00296327 0.000148695 0.000879584 4.10266e+08 2153.99 4522.2 801.68 -844.869 -736.6 4.10262e+08 -1.36757e+08 4.10266e+08
4330 4.33 0.0433 -0.0188434 -0.0211302 -0.00296799 0.000149019 0.000881967 4.10571e+08 2162.62 4530.42 801.809 -844.799 -736.316 4.10568e+08 -1.36859e+08 4.10571e+08
4340 4.34 0.0434 -0.018885 -0.0211765 -0.00297271 0.000149341 0.000884353 4.10876e+08 2171.27 4538.67 801.94 -844.729 -736.032 4.10873e+08 -1.36961e+08 4.10876e+08
4350 4.35 0.0435 -0.0189265 -0.0212227 -0.00297742 0.000149662 0.000886744 4.11181e+08 2179.93 4546.93 802.072 -844.659 -735.749 4.11178e+08 -1.37063e+08 4.11181e+08
4360 4.36 0.0436 -0.018968 -0.021269 -0.00298213 0.000149981 0.000889138 4.11485e+08 2188.62 4555.22 802.206 -844.59 -735.465 4.11482e+08 -1.37164e+08 4.11485e+08
4370 4.37 0.0437 -0.0190095 -0.0213152 -0.00298683 0.000150299 0.000891537 4.1179e+08 2197.32 4563.53 802.342 -844.52 -735.181 4.11786e+08 -1.37265e+08 4.1179e+08
4380 4.38 0.0438 -0.019051 -0.0213614 -0.00299153 0.000150615 0.000893939 4.12093e+08 2206.04 4571.85 802.479 -844.451 -734.898 4.1209e+08 -1.37367e+08 4.12093e+08
4390 4.39 0.0439 -0.0190924 -0.0214076 -0.00299622 0.00015093 0.000896346 4.12397e+08 2214.79 4580.19 802.617 -844.381 -734.614 4.12394e+08 -1.37468e+08 4.12397e+08
4400 4.4 0.044 -0.0191339 -0.0214538 -0.0030009 0.000151242 0.000898756 4.127e+08 2223.55 4588.56 802.758 -844.312 -734.331 4.12697e+08 -1.37569e+08 4.127e+08
4410 4.41 0.0441 -0.0191753 -0.0215 -0.00300558 0.000151554 0.00090117 4.13003e+08 2232.33 4596.94 802.9 -844.242 -734.048 4.13e+08 -1.3767e+08 4.13003e+08
4420 4.42 0.0442 -0.0192168 -0.0215462 -0.00301026 0.000151863 0.000903589 4.13306e+08 2241.13 4605.35 803.043 -844.173 -733.765 4.13302e+08 -1.37771e+08 4.13306e+08
4430 4.43 0.0443 -0.0192582 -0.0215924 -0.00301493 0.000152171 0.000906011 4.13608e+08 2249.94 4613.77 803.188 -844.104 -733.482 4.13605e+08 -1.37872e+08 4.13608e+08
4440 4.44 0.0444 -0.0192996 -0.0216385 -0.00301959 0.000152478 0.000908437 4.1391e+08 2258.78 4622.22 803.335 -844.035 -733.199 4.13907e+08 -1.37972e+08 4.1391e+08
4450 4.45 0.0445 -0.019341 -0.0216847 -0.00302425 0.000152782 0.000910867 4.14212e+08 2267.63 4630.68 803.483 -843.966 -732.917 4.14208e+08 -1.38073e+08 4.14212e+08
4460 4.46 0.0446 -0.0193824 -0.0217308 -0.00302891 0.000153086 0.000913301 4.14513e+08 2276.51 4639.16 803.632 -843.897 -732.634 4.1451e+08 -1.38173e+08 4.14513e+08
4470 4.47 0.0447 -0.0194237 -0.0217769 -0.00303356 0.000153387 0.000915739 4.14815e+08 2285.4 4647.67 803.784 -843.827 -732.352 4.14811e+08 -1.38274e+08 4.14815e+08
4480 4.48 0.0448 -0.0194651 -0.021823 -0.0030382 0.000153687 0.000918181 4.15115e+08 2294.31 4656.19 803.937 -843.759 -732.069 4.15112e+08 -1.38374e+08 4.15115e+08
4490 4.49 0.0449 -0.0195065 -0.0218691 -0.00304284 0.000153985 0.000920627 4.15416e+08 2303.24 4664.73 804.091 -843.69 -731.787 4.15412e+08 -1.38474e+08 4.15416e+08
4500 4.5 0.045 -0.0195478 -0.0219152 -0.00304748 0.000154282 0.000923077 4.15716e+08 2312.19 4673.29 804.247 -843.621 -731.505 4.15713e+08 -1.38574e+08 4.15716e+08
4510 4.51 0.0451 -0.0195891 -0.0219613 -0.0030521 0.000154577 0.000925531 4.16016e+08 2321.16 4681.88 804.404 -843.552 -731.223 4.16013e+08 -1.38674e+08 4.16016e+08
4520 4.52 0.0452 -0.0196304 -0.0220073 -0.00305673 0.000154871 0.000927989 4.16316e+08 2330.14 4690.48 804.564 -843.483 -730.941 4.16312e+08 -1.38774e+08 4.16316e+08
4530 4.53 0.0453 -0.0196717 -0.0220534 -0.00306135 0.000155162 0.000930451 4.16615e+08 2339.15 4699.1 804.724 -843.414 -730.659 4.16612e+08 -1.38874e+08 4.16615e+08
4540 4.54 0.0454 -0.019713 -0.0220994 -0.00306596 0.000155453 0.000932916 4.16914e+08 2348.17 4707.74 804.887 -843.346 -730.377 4.16911e+08 -1.38974e+08 4.16914e+08
4550 4.55 0.0455 -0.0197543 -0.0221454 -0.00307057 0.000155741 0.000935386 4.17213e+08 2357.21 4716.4 805.05 -843.277 -730.095 4.17209e+08 -1.39073e+08 4.17213e+08
4560 4.56 0.0456 -0.0197956 -0.0221914 -0.00307517 0.000156028 0.00093786 4.17511e+08 2366.27 4725.08 805.216 -843.209 -729.814 4.17508e+08 -1.39173e+08 4.17511e+08
4570 4.57 0.0457 -0.0198368 -0.0222374 -0.00307977 0.000156313 0.000940337 4.17809e+08 2375.35 4733.78 805.382 -843.14 -729.532 4.17806e+08 -1.39272e+08 4.17809e+08
4580 4.58 0.0458 -0.0198781 -0.0222834 -0.00308436 0.000156597 0.000942819 4.18107e+08 2384.45 4742.5 805.551 -843.072 -729.251 4.18104e+08 -1.39371e+08 4.18107e+08
4590 4.59 0.0459 -0.0199193 -0.0223294 -0.00308895 0.000156879 0.000945304 4.18405e+08 2393.57 4751.24 805.721 -843.003 -728.969 4.18401e+08 -1.39471e+08 4.18405e+08
4600 4.6 0.046 -0.0199605 -0.0223753 -0.00309353 0.000157159 0.000947793 4.18702e+08 2402.7 4759.99 805.892 -842.935 -728.688 4.18699e+08 -1.3957e+08 4.18702e+08
4610 4.61 0.0461 -0.0200018 -0.0224213 -0.00309811 0.000157438 0.000950287 4.18999e+08 2411.85 4768.77 806.066 -842.867 -728.407 4.18996e+08 -1.39669e+08 4.18999e+08
4620 4.62 0.0462 -0.020043 -0.0224672 -0.00310269 0.000157715 0.000952784 4.19296e+08 2421.02 4777.57 806.24 -842.798 -728.126 4.19292e+08 -1.39768e+08 4.19296e+08
4630 4.63 0.0463 -0.0200841 -0.0225132 -0.00310725 0.000157991 0.000955285 4.19592e+08 2430.21 4786.38 806.416 -842.73 -727.845 4.19589e+08 -1.39866e+08 4.19592e+08
4640 4.64 0.0464 -0.0201253 -0.0225591 -0.00311182 0.000158264 0.00095779 4.19888e+08 2439.42 4795.22 806.594 -842.662 -727.564 4.19885e+08 -1.39965e+08 4.19888e+08
4650 4.65 0.0465 -0.0201665 -0.022605 -0.00311637 0.000158537 0.000960299 4.20184e+08 2448.65 4804.07 806.773 -842.594 -727.283 4.2018e+08 -1.40064e+08 4.20184e+08
4660 4.66 0.0466 -0.0202076 -0.0226509 -0.00312093 0.000158807 0.000962812 4.2048e+08 2457.89 4812.95 806.954 -842.526 -727.003 4.20476e+08 -1.40162e+08 4.2048e+08
4670 4.67 0.0467 -0.0202488 -0.0226967 -0.00312548 0.000159076 0.000965329 4.20775e+08 2467.16 4821.84 807.136 -842.458 -726.722 4.20771e+08 -1.40261e+08 4.20775e+08
4680 4.68 0.0468 -0.0202899 -0.0227426 -0.00313002 0.000159343 0.00096785 4.2107e+08 2476.44 4830.75 807.32 -842.39 -726.441 4.21066e+08 -1.40359e+08 4.2107e+08
4690 4.69 0.0469 -0.020331 -0.0227885 -0.00313456 0.000159609 0.000970375 4.21364e+08 2485.74 4839.69 807.505 -842.322 -726.161 4.21361e+08 -1.40457e+08 4.21364e+08
4700 4.7 0.047 -0.0203721 -0.0228343 -0.00313909 0.000159873 0.000972904 4.21659e+08 2495.06 4848.64 807.692 -842.254 -725.881 4.21655e+08 -1.40555e+08 4.21659e+08
4710 4.71 0.0471 -0.0204132 -0.0228801 -0.00314362 0.000160135 0.000975436 4.21953e+08 2504.39 4857.61 807.881 -842.186 -725.6 4.21949e+08 -1.40653e+08 4.21953e+08
4720 4.72 0.0472 -0.0204543 -0.0229259 -0.00314814 0.000160396 0.000977973 4.22246e+08 2513.75 4866.6 808.071 -842.119 -725.32 4.22243e+08 -1.40751e+08 4.22246e+08
4730 4.73 0.0473 -0.0204954 -0.0229717 -0.00315266 0.000160655 0.000980513 4.2254e+08 2523.12 4875.61 808.262 -842.051 -725.04 4.22536e+08 -1.40849e+08 4.2254e+08
4740 4.74 0.0474 -0.0205365 -0.0230175 -0.00315718 0.000160912 0.000983058 4.22833e+08 2532.51 4884.64 808.455 -841.983 -724.76 4.22829e+08 -1.40947e+08 4.22833e+08
4750 4.75 0.0475 -0.0205775 -0.0230633 -0.00316169 0.000161167 0.000985606 4.23126e+08 2541.92 4893.68 808.65 -841.915 -724.48 4.23122e+08 -1.41044e+08 4.23126e+08
4760 4.76 0.0476 -0.0206186 -0.0231091 -0.00316619 0.000161421 0.000988158 4.23418e+08 2551.35 4902.75 808.846 -841.848 -724.2 4.23415e+08 -1.41142e+08 4.23418e+08
4770 4.77 0.0477 -0.0206596 -0.0231548 -0.00317069 0.000161674 0.000990715 4.23711e+08 2560.79 4911.84 809.043 -841.78 -723.92 4.23707e+08 -1.41239e+08 4.23711e+08
4780 4.78 0.0478 -0.0207006 -0.0232006 -0.00317519 0.000161924 0.000993275 4.24003e+08 2570.26 4920.94 809.242 -841.713 -723.64 4.23999e+08 -1.41337e+08 4.24003e+08
4790 4.79 0.0479 -0.0207416 -0.0232463 -0.00317968 0.000162173 0.000995839 4.24294e+08 2579.74 4930.07 809.443 -841.645 -723.36 4.24291e+08 -1.41434e+08 4.24294e+08
4800 4.8 0.048 -0.0207826 -0.023292 -0.00318416 0.000162421 0.000998407 4.24586e+08 2589.24 4939.21 809.645 -841.578 -723.081 4.24582e+08 -1.41531e+08 4.24586e+08
4810 4.81 0.0481 -0.0208236 -0.0233378 -0.00318864 0.000162666 0.00100098 4.24877e+08 2598.76 4948.37 809.848 -841.511 -722.801 4.24873e+08 -1.41628e+08 4.24877e+08
4820 4.82 0.0482 -0.0208645 -0.0233835 -0.00319312 0.00016291 0.00100355 4.25168e+08 2608.29 4957.55 810.053 -841.443 -722.521 4.25164e+08 -1.41725e+08 4.25168e+08
4830 4.83 0.0483 -0.0209055 -0.0234291 -0.00319759 0.000163153 0.00100613 4.25458e+08 2617.85 4966.75 810.26 -841.376 -722.242 4.25455e+08 -1.41822e+08 4.25458e+08
4840 4.84 0.0484 -0.0209465 -0.0234748 -0.00320205 0.000163393 0.00100872 4.25749e+08 2627.42 4975.97 810.468 -841.309 -721.962 4.25745e+08 -1.41919e+08 4.25749e+08
4850 4.85 0.0485 -0.0209874 -0.0235205 -0.00320651 0.000163632 0.00101131 4.26039e+08 2637.01 4985.21 810.678 -841.242 -721.683 4.26035e+08 -1.42015e+08 4.26039e+08
4860 4.86 0.0486 -0.0210283 -0.0235661 -0.00321097 0.00016387 0.0010139 4.26328e+08 2646.62 4994.47 810.889 -841.175 -721.404 4.26324e+08 -1.42112e+08 4.26328e+08
4870 4.87 0.0487 -0.0210692 -0.0236118 -0.00321542 0.000164105 0.00101649 4.26618e+08 2656.24 5003.75 811.101 -841.108 -721.125 4.26614e+08 -1.42208e+08 4.26618e+08
4880 4.88 0.0488 -0.0211101 -0.0236574 -0.00321987 0.000164339 0.00101909 4.26907e+08 2665.88 5013.04 811.315 -841.04 -720.845 4.26903e+08 -1.42305e+08 4.26907e+08
4890 4.89 0.0489 -0.021151 -0.023703 -0.00322431 0.000164572 0.00102169 4.27196e+08 2675.55 5022.36 811.531 -840.973 -720.566 4.27192e+08 -1.42401e+08 4.27196e+08
4900 4.9 0.049 -0.0211919 -0.0237486 -0.00322875 0.000164802 0.0010243 4.27484e+08 2685.23 5031.69 811.748 -840.907 -720.287 4.2748e+08 -1.42497e+08 4.27484e+08
4910 4.91 0.0491 -0.0212328 -0.0237942 -0.00323318 0.000165031 0.00102691 4.27772e+08 2694.92 5041.04 811.966 -840.84 -720.008 4.27769e+08 -1.42593e+08 4.27772e+08
4920 4.92 0.0492 -0.0212736 -0.0238398 -0.00323761 0.000165259 0.00102953 4.2806e+08 2704.64 5050.42 812.186 -840.773 -719.729 4.28056e+08 -1.42689e+08 4.2806e+08
4930 4.93 0.0493 -0.0213145 -0.0238853 -0.00324203 0.000165484 0.00103215 4.28348e+08 2714.37 5059.81 812.408 -840.706 -719.45 4.28344e+08 -1.42785e+08 4.28348e+08
4940 4.94 0.0494 -0.0213553 -0.0239309 -0.00324645 0.000165708 0.00103477 4.28635e+08 2724.12 5069.22 812.631 -840.639 -719.172 4.28632e+08 -1.42881e+08 4.28635e+08
4950 4.95 0.0495 -0.0213961 -0.0239764 -0.00325087 0.00016593 0.0010374 4.28923e+08 2733.89 5078.64 812.855 -840.572 -718.893 4.28919e+08 -1.42977e+08 4.28923e+08
4960 4.96 0.0496 -0.021437 -0.024022 -0.00325528 0.000166151 0.00104003 4.29209e+08 2743.68 5088.09 813.081 -840.506 -718.614 4.29205e+08 -1.43072e+08 4.29209e+08
4970 4.97 0.0497 -0.0214778 -0.0240675 -0.00325968 0.00016637 0.00104266 4.29496e+08 2753.48 5097.56 813.309 -840.439 -718.335 4.29492e+08 -1.43168e+08 4.29496e+08
4980 4.98 0.0498 -0.0215185 -0.024113 -0.00326408 0.000166587 0.0010453 4.29782e+08 2763.3 5107.04 813.537 -840.372 -718.057 4.29778e+08 -1.43263e+08 4.29782e+08
4990 4.99 0.0499 -0.0215593 -0.0241585 -0.00326848 0.000166802 0.00104794 4.30068e+08 2773.14 5116.54 813.768 -840.306 -717.778 4.30064e+08 -1.43359e+08 4.30068e+08
5000 5 0.05 -0.0216001 -0.024204 -0.00327287 0.000167016 0.00105059 4.30354e+08 2783 5126.07 813.999 -840.239 -717.5 4.3035e+08 -1.43454e+08 4.30354e+08
