0.000000e+00	-2.297335e+00
1.000000e-04	-7.387387e-02
2.000000e-04	1.809577e+00
3.000000e-04	4.712738e+00
4.000000e-04	6.652004e+00
5.000000e-04	9.821626e+00
6.000000e-04	1.207590e+01
7.000000e-04	1.568578e+01
8.000000e-04	1.847479e+01
9.000000e-04	2.274467e+01
1.000000e-03	2.631376e+01
1.100000e-03	3.150491e+01
1.200000e-03	3.614189e+01
1.300000e-03	4.256727e+01
1.400000e-03	4.861693e+01
1.500000e-03	5.665474e+01
1.600000e-03	6.453431e+01
1.700000e-03	7.464389e+01
1.800000e-03	8.486018e+01
1.900000e-03	9.759991e+01
2.000000e-03	1.107684e+02
2.100000e-03	1.268156e+02
2.200000e-03	1.436813e+02
2.300000e-03	1.638542e+02
2.400000e-03	1.853147e+02
2.500000e-03	2.105963e+02
2.600000e-03	2.377261e+02
2.700000e-03	2.692895e+02
2.800000e-03	3.033700e+02
2.900000e-03	3.426096e+02
3.000000e-03	3.851615e+02
3.100000e-03	4.337250e+02
3.200000e-03	4.865186e+02
3.300000e-03	5.463140e+02
3.400000e-03	6.114038e+02
3.500000e-03	6.846371e+02
3.600000e-03	7.643859e+02
3.700000e-03	8.535815e+02
3.800000e-03	9.506795e+02
3.900000e-03	1.058696e+03
4.000000e-03	1.176173e+03
4.100000e-03	1.306213e+03
4.200000e-03	1.447443e+03
4.300000e-03	1.603048e+03
4.400000e-03	1.771739e+03
4.500000e-03	1.956782e+03
4.600000e-03	2.156959e+03
4.700000e-03	2.375606e+03
4.800000e-03	2.611571e+03
4.900000e-03	2.868244e+03
5.000000e-03	3.144521e+03
5.100000e-03	3.443830e+03
5.200000e-03	3.765092e+03
5.300000e-03	4.111749e+03
5.400000e-03	4.482724e+03
5.500000e-03	4.881445e+03
5.600000e-03	5.306804e+03
5.700000e-03	5.762184e+03
5.800000e-03	6.246413e+03
5.900000e-03	6.762793e+03
6.000000e-03	7.310052e+03
6.100000e-03	7.891373e+03
6.200000e-03	8.505348e+03
6.300000e-03	9.155002e+03
6.400000e-03	9.838754e+03
6.500000e-03	1.055944e+04
6.600000e-03	1.131526e+04
6.700000e-03	1.210884e+04
6.800000e-03	1.293814e+04
6.900000e-03	1.380553e+04
7.000000e-03	1.470871e+04
7.100000e-03	1.564977e+04
7.200000e-03	1.662614e+04
7.300000e-03	1.763965e+04
7.400000e-03	1.868742e+04
7.500000e-03	1.977100e+04
7.600000e-03	2.088725e+04
7.700000e-03	2.203744e+04
7.800000e-03	2.321815e+04
7.900000e-03	2.443040e+04
8.000000e-03	2.567054e+04
8.100000e-03	2.693935e+04
8.200000e-03	2.823298e+04
8.300000e-03	2.955202e+04
8.400000e-03	3.089242e+04
8.500000e-03	3.225464e+04
8.600000e-03	3.363450e+04
8.700000e-03	3.503232e+04
8.800000e-03	3.644387e+04
8.900000e-03	3.786940e+04
9.000000e-03	3.930461e+04
9.100000e-03	4.074974e+04
9.200000e-03	4.220051e+04
9.300000e-03	4.365715e+04
9.400000e-03	4.511544e+04
9.500000e-03	4.657567e+04
9.600000e-03	4.803367e+04
9.700000e-03	4.948983e+04
9.800000e-03	5.094010e+04
9.900000e-03	5.238497e+04
1.000000e-02	5.382050e+04
1.010000e-02	5.524735e+04
1.020000e-02	5.666170e+04
1.030000e-02	5.806436e+04
1.040000e-02	5.945167e+04
1.050000e-02	6.082458e+04
1.060000e-02	6.217962e+04
1.070000e-02	6.351788e+04
1.080000e-02	6.483604e+04
1.090000e-02	6.613536e+04
1.100000e-02	6.741268e+04
1.110000e-02	6.866941e+04
1.120000e-02	6.990254e+04
1.130000e-02	7.111361e+04
1.140000e-02	7.229976e+04
1.150000e-02	7.346268e+04
1.160000e-02	7.459961e+04
1.170000e-02	7.571237e+04
1.180000e-02	7.679833e+04
1.190000e-02	7.785941e+04
1.200000e-02	7.889308e+04
1.210000e-02	7.990136e+04
1.220000e-02	8.088181e+04
1.230000e-02	8.183654e+04
1.240000e-02	8.276318e+04
1.250000e-02	8.366391e+04
1.260000e-02	8.453643e+04
1.270000e-02	8.538298e+04
1.280000e-02	8.620131e+04
1.290000e-02	8.699371e+04
1.300000e-02	8.775798e+04
1.310000e-02	8.849643e+04
1.320000e-02	8.920691e+04
1.330000e-02	8.989176e+04
1.340000e-02	9.054885e+04
1.350000e-02	9.118055e+04
1.360000e-02	9.178472e+04
1.370000e-02	9.236377e+04
1.380000e-02	9.291558e+04
1.390000e-02	9.344254e+04
1.400000e-02	9.394254e+04
1.410000e-02	9.441799e+04
1.420000e-02	9.486676e+04
1.430000e-02	9.529127e+04
1.440000e-02	9.568939e+04
1.450000e-02	9.606352e+04
1.460000e-02	9.641152e+04
1.470000e-02	9.673579e+04
1.480000e-02	9.703418e+04
1.490000e-02	9.730907e+04
1.500000e-02	9.755830e+04
1.510000e-02	9.778424e+04
1.520000e-02	9.798470e+04
1.530000e-02	9.816204e+04
1.540000e-02	9.831406e+04
1.550000e-02	9.844309e+04
1.560000e-02	9.854692e+04
1.570000e-02	9.862786e+04
1.580000e-02	9.868368e+04
1.590000e-02	9.871667e+04
1.600000e-02	9.872456e+04
1.610000e-02	9.870965e+04
1.620000e-02	9.866964e+04
1.630000e-02	9.860680e+04
1.640000e-02	9.851882e+04
1.650000e-02	9.840794e+04
1.660000e-02	9.827184e+04
1.670000e-02	9.811274e+04
1.680000e-02	9.792830e+04
1.690000e-02	9.772071e+04
1.700000e-02	9.748762e+04
1.710000e-02	9.723121e+04
1.720000e-02	9.694910e+04
1.730000e-02	9.664346e+04
1.740000e-02	9.631190e+04
1.750000e-02	9.595657e+04
1.760000e-02	9.557506e+04
1.770000e-02	9.516951e+04
1.780000e-02	9.473752e+04
1.790000e-02	9.428120e+04
1.800000e-02	9.379816e+04
1.810000e-02	9.329051e+04
1.820000e-02	9.275583e+04
1.830000e-02	9.219624e+04
1.840000e-02	9.160934e+04
1.850000e-02	9.099723e+04
1.860000e-02	9.035753e+04
1.870000e-02	8.969236e+04
1.880000e-02	8.899933e+04
1.890000e-02	8.828059e+04
1.900000e-02	8.753376e+04
1.910000e-02	8.676102e+04
1.920000e-02	8.596002e+04
1.930000e-02	8.513297e+04
1.940000e-02	8.427755e+04
1.950000e-02	8.339600e+04
1.960000e-02	8.248607e+04
1.970000e-02	8.155003e+04
1.980000e-02	8.058569e+04
1.990000e-02	7.959538e+04
2.000000e-02	7.857697e+04
2.010000e-02	7.753286e+04
2.020000e-02	7.646098e+04
2.030000e-02	7.536384e+04
2.040000e-02	7.423943e+04
2.050000e-02	7.309034e+04
2.060000e-02	7.191469e+04
2.070000e-02	7.071514e+04
2.080000e-02	6.948991e+04
2.090000e-02	6.824179e+04
2.100000e-02	6.696909e+04
2.110000e-02	6.567471e+04
2.120000e-02	6.435709e+04
2.130000e-02	6.301925e+04
2.140000e-02	6.165973e+04
2.150000e-02	6.028168e+04
2.160000e-02	5.888375e+04
2.170000e-02	5.746920e+04
2.180000e-02	5.603681e+04
2.190000e-02	5.458993e+04
2.200000e-02	5.312745e+04
2.210000e-02	5.165281e+04
2.220000e-02	5.016499e+04
2.230000e-02	4.866751e+04
2.240000e-02	4.715939e+04
2.250000e-02	4.564423e+04
2.260000e-02	4.412108e+04
2.270000e-02	4.259355e+04
2.280000e-02	4.106072e+04
2.290000e-02	3.952617e+04
2.300000e-02	3.798894e+04
2.310000e-02	3.645258e+04
2.320000e-02	3.491605e+04
2.330000e-02	3.338280e+04
2.340000e-02	3.185169e+04
2.350000e-02	3.032604e+04
2.360000e-02	2.880455e+04
2.370000e-02	2.729035e+04
2.380000e-02	2.578197e+04
2.390000e-02	2.428234e+04
2.400000e-02	2.278975e+04
2.410000e-02	2.130689e+04
2.420000e-02	1.983182e+04
2.430000e-02	1.836697e+04
2.440000e-02	1.691013e+04
2.450000e-02	1.546348e+04
2.460000e-02	1.402455e+04
2.470000e-02	1.259526e+04
2.480000e-02	1.117290e+04
2.490000e-02	9.759144e+03
2.500000e-02	8.351054e+03
2.510000e-02	6.950114e+03
2.520000e-02	5.553197e+03
2.530000e-02	4.161626e+03
2.540000e-02	2.772139e+03
2.550000e-02	1.385953e+03
2.560000e-02	-2.715062e-01
2.570000e-02	-1.385365e+03
2.580000e-02	-2.772682e+03
2.590000e-02	-4.161037e+03
2.600000e-02	-5.553740e+03
2.610000e-02	-6.949526e+03
2.620000e-02	-8.351598e+03
2.630000e-02	-9.758556e+03
2.640000e-02	-1.117344e+04
2.650000e-02	-1.259468e+04
2.660000e-02	-1.402509e+04
2.670000e-02	-1.546289e+04
2.680000e-02	-1.691067e+04
2.690000e-02	-1.836638e+04
2.700000e-02	-1.983236e+04
2.710000e-02	-2.130630e+04
2.720000e-02	-2.279029e+04
2.730000e-02	-2.428175e+04
2.740000e-02	-2.578252e+04
2.750000e-02	-2.728976e+04
2.760000e-02	-2.880509e+04
2.770000e-02	-3.032545e+04
2.780000e-02	-3.185224e+04
2.790000e-02	-3.338221e+04
2.800000e-02	-3.491659e+04
2.810000e-02	-3.645199e+04
2.820000e-02	-3.798949e+04
2.830000e-02	-3.952558e+04
2.840000e-02	-4.106126e+04
2.850000e-02	-4.259296e+04
2.860000e-02	-4.412163e+04
2.870000e-02	-4.564364e+04
2.880000e-02	-4.715994e+04
2.890000e-02	-4.866692e+04
2.900000e-02	-5.016554e+04
2.910000e-02	-5.165223e+04
2.920000e-02	-5.312800e+04
2.930000e-02	-5.458934e+04
2.940000e-02	-5.603736e+04
2.950000e-02	-5.746861e+04
2.960000e-02	-5.888430e+04
2.970000e-02	-6.028109e+04
2.980000e-02	-6.166028e+04
2.990000e-02	-6.301866e+04
3.000000e-02	-6.435764e+04
3.010000e-02	-6.567412e+04
3.020000e-02	-6.696964e+04
3.030000e-02	-6.824120e+04
3.040000e-02	-6.949046e+04
3.050000e-02	-7.071455e+04
3.060000e-02	-7.191523e+04
3.070000e-02	-7.308975e+04
3.080000e-02	-7.423998e+04
3.090000e-02	-7.536325e+04
3.100000e-02	-7.646153e+04
3.110000e-02	-7.753227e+04
3.120000e-02	-7.857752e+04
3.130000e-02	-7.959479e+04
3.140000e-02	-8.058624e+04
3.150000e-02	-8.154944e+04
3.160000e-02	-8.248662e+04
3.170000e-02	-8.339541e+04
3.180000e-02	-8.427810e+04
3.190000e-02	-8.513238e+04
3.200000e-02	-8.596057e+04
3.210000e-02	-8.676043e+04
3.220000e-02	-8.753431e+04
3.230000e-02	-8.828000e+04
3.240000e-02	-8.899988e+04
3.250000e-02	-8.969177e+04
3.260000e-02	-9.035808e+04
3.270000e-02	-9.099664e+04
3.280000e-02	-9.160989e+04
3.290000e-02	-9.219565e+04
3.300000e-02	-9.275638e+04
3.310000e-02	-9.328992e+04
3.320000e-02	-9.379871e+04
3.330000e-02	-9.428062e+04
3.340000e-02	-9.473807e+04
3.350000e-02	-9.516892e+04
3.360000e-02	-9.557561e+04
3.370000e-02	-9.595598e+04
3.380000e-02	-9.631247e+04
3.390000e-02	-9.664289e+04
3.400000e-02	-9.694967e+04
3.410000e-02	-9.723063e+04
3.420000e-02	-9.748819e+04
3.430000e-02	-9.772013e+04
3.440000e-02	-9.792886e+04
3.450000e-02	-9.811217e+04
3.460000e-02	-9.827241e+04
3.470000e-02	-9.840737e+04
3.480000e-02	-9.851939e+04
3.490000e-02	-9.860622e+04
3.500000e-02	-9.867021e+04
3.510000e-02	-9.870907e+04
3.520000e-02	-9.872513e+04
3.530000e-02	-9.871609e+04
3.540000e-02	-9.868425e+04
3.550000e-02	-9.862729e+04
3.560000e-02	-9.854749e+04
3.570000e-02	-9.844252e+04
3.580000e-02	-9.831463e+04
3.590000e-02	-9.816146e+04
3.600000e-02	-9.798527e+04
3.610000e-02	-9.778366e+04
3.620000e-02	-9.755887e+04
3.630000e-02	-9.730850e+04
3.640000e-02	-9.703475e+04
3.650000e-02	-9.673521e+04
3.660000e-02	-9.641209e+04
3.670000e-02	-9.606294e+04
3.680000e-02	-9.568995e+04
3.690000e-02	-9.529070e+04
3.700000e-02	-9.486733e+04
3.710000e-02	-9.441741e+04
3.720000e-02	-9.394310e+04
3.730000e-02	-9.344196e+04
3.740000e-02	-9.291614e+04
3.750000e-02	-9.236320e+04
3.760000e-02	-9.178529e+04
3.770000e-02	-9.117997e+04
3.780000e-02	-9.054941e+04
3.790000e-02	-8.989119e+04
3.800000e-02	-8.920747e+04
3.810000e-02	-8.849586e+04
3.820000e-02	-8.775854e+04
3.830000e-02	-8.699314e+04
3.840000e-02	-8.620188e+04
3.850000e-02	-8.538241e+04
3.860000e-02	-8.453700e+04
3.870000e-02	-8.366334e+04
3.880000e-02	-8.276375e+04
3.890000e-02	-8.183597e+04
3.900000e-02	-8.088238e+04
3.910000e-02	-7.990079e+04
3.920000e-02	-7.889364e+04
3.930000e-02	-7.785884e+04
3.940000e-02	-7.679889e+04
3.950000e-02	-7.571180e+04
3.960000e-02	-7.460017e+04
3.970000e-02	-7.346210e+04
3.980000e-02	-7.230033e+04
3.990000e-02	-7.111304e+04
4.000000e-02	-6.990310e+04
4.010000e-02	-6.866884e+04
4.020000e-02	-6.741324e+04
4.030000e-02	-6.613479e+04
4.040000e-02	-6.483660e+04
4.050000e-02	-6.351730e+04
4.060000e-02	-6.218018e+04
4.070000e-02	-6.082401e+04
4.080000e-02	-5.945223e+04
4.090000e-02	-5.806378e+04
4.100000e-02	-5.666226e+04
4.110000e-02	-5.524677e+04
4.120000e-02	-5.382107e+04
4.130000e-02	-5.238440e+04
4.140000e-02	-5.094066e+04
4.150000e-02	-4.948926e+04
4.160000e-02	-4.803423e+04
4.170000e-02	-4.657509e+04
4.180000e-02	-4.511600e+04
4.190000e-02	-4.365658e+04
4.200000e-02	-4.220107e+04
4.210000e-02	-4.074917e+04
4.220000e-02	-3.930517e+04
4.230000e-02	-3.786882e+04
4.240000e-02	-3.644444e+04
4.250000e-02	-3.503175e+04
4.260000e-02	-3.363506e+04
4.270000e-02	-3.225406e+04
4.280000e-02	-3.089299e+04
4.290000e-02	-2.955144e+04
4.300000e-02	-2.823355e+04
4.310000e-02	-2.693878e+04
4.320000e-02	-2.567110e+04
4.330000e-02	-2.442982e+04
4.340000e-02	-2.321871e+04
4.350000e-02	-2.203686e+04
4.360000e-02	-2.088782e+04
4.370000e-02	-1.977043e+04
4.380000e-02	-1.868799e+04
4.390000e-02	-1.763907e+04
4.400000e-02	-1.662671e+04
4.410000e-02	-1.564920e+04
4.420000e-02	-1.470927e+04
4.430000e-02	-1.380496e+04
4.440000e-02	-1.293871e+04
4.450000e-02	-1.210827e+04
4.460000e-02	-1.131583e+04
4.470000e-02	-1.055887e+04
4.480000e-02	-9.839317e+03
4.490000e-02	-9.154432e+03
4.500000e-02	-8.505911e+03
4.510000e-02	-7.890803e+03
4.520000e-02	-7.310615e+03
4.530000e-02	-6.762223e+03
4.540000e-02	-6.246977e+03
4.550000e-02	-5.761615e+03
4.560000e-02	-5.307368e+03
4.570000e-02	-4.880876e+03
4.580000e-02	-4.483288e+03
4.590000e-02	-4.111180e+03
4.600000e-02	-3.765655e+03
4.610000e-02	-3.443261e+03
4.620000e-02	-3.145084e+03
4.630000e-02	-2.867675e+03
4.640000e-02	-2.612134e+03
4.650000e-02	-2.375037e+03
4.660000e-02	-2.157522e+03
4.670000e-02	-1.956213e+03
4.680000e-02	-1.772303e+03
4.690000e-02	-1.602480e+03
4.700000e-02	-1.448006e+03
4.710000e-02	-1.305645e+03
4.720000e-02	-1.176737e+03
4.730000e-02	-1.058128e+03
4.740000e-02	-9.512432e+02
4.750000e-02	-8.530135e+02
4.760000e-02	-7.649496e+02
4.770000e-02	-6.840692e+02
4.780000e-02	-6.119674e+02
4.790000e-02	-5.457462e+02
4.800000e-02	-4.870822e+02
4.810000e-02	-4.331574e+02
4.820000e-02	-3.857250e+02
4.830000e-02	-3.420428e+02
4.840000e-02	-3.039325e+02
4.850000e-02	-2.687152e+02
4.860000e-02	-2.382825e+02
4.870000e-02	-2.100151e+02
4.880000e-02	-1.858653e+02
4.890000e-02	-1.632690e+02
4.900000e-02	-1.442285e+02
4.910000e-02	-1.262282e+02
4.920000e-02	-1.113137e+02
4.930000e-02	-9.701156e+01
4.940000e-02	-8.540443e+01
4.950000e-02	-7.405530e+01
4.960000e-02	-6.507791e+01
4.970000e-02	-5.606649e+01
4.980000e-02	-4.916016e+01
4.990000e-02	-4.198002e+01
5.000000e-02	-3.668501e+01
5.010000e-02	-3.091970e+01
5.020000e-02	-2.685716e+01
5.030000e-02	-2.216349e+01
5.040000e-02	-1.901917e+01
5.050000e-02	-1.511285e+01
5.060000e-02	-1.262204e+01
5.070000e-02	-9.266986e+00
5.080000e-02	-7.197379e+00
5.090000e-02	-4.209499e+00
5.100000e-02	-2.297335e+00
5.110000e-02	-7.387387e-02
